  -66.2226868      -26.7721462       16.3099995    
  -65.8134766      -27.1632366       12.3500004    
  -67.9062500      -27.4856243       9.26000023    
  -67.9339600      -27.5150967       8.48999977    
  -67.9105225      -27.4691372       10.0000000    
  -67.2641907      -25.6554089       9.50000000    
  -67.4976807      -27.5623035       16.3500004    
  -66.5794220      -27.3260098       4.07999992    
  -67.0474091      -27.3593731       19.0599995    
  -68.1112061      -27.6594601      0.360000610    
  -67.2991638      -25.8422890       5.43000031    
  -66.5509491      -27.3063049       45.4799995    
  -67.2357483      -27.4841785       3.97999954    
  -65.8145142      -27.0739269       13.1000004    
  -67.9058228      -27.4065170       7.60999966    
  -67.4823608      -27.5308800       20.9099998    
  -67.0210876      -27.5479641       17.7700005    
  -67.2447815      -27.6764450       22.9700012    
  -67.8671265      -27.6451836       21.0900002    
  -65.7309265      -26.2352390      0.469999313    
  -66.2994690      -27.0429287       1.20999908    
  -67.6060486      -26.6625309      0.579999924    
  -65.6898041      -26.9412575       7.38999939    
  -65.5453491      -26.8746948       24.8800011    
  -66.5887451      -27.3256989       3.50000000    
  -67.9761047      -27.4664040       12.0599995    
  -67.8981628      -27.6732197       9.34000015    
  -67.6799927      -27.4085522       25.0499992    
  -67.7767639      -27.6088943       13.1499996    
  -65.6058044      -26.9515781       20.9199982    
  -67.7129517      -27.5990658       25.2000008    
  -67.6188965      -26.5524178       1.39000034    
  -66.5668335      -27.3183041       29.8600006    
  -66.2496643      -26.7547302       6.65999985    
  -66.6768494      -26.0782166      0.260000229    
  -66.5871277      -27.3533421       16.3099995    
  -66.2237549      -26.4479446       13.2999992    
  -66.5609894      -27.2905979       37.1599998    
  -65.8097229      -26.3549213       23.9699993    
  -65.5391083      -26.9771061       24.7299995    
  -65.7393341      -26.8474827       12.3299999    
  -67.5459900      -26.4776382       1.18000031    
  -66.5429688      -27.3200836       38.1599998    
  -66.6000824      -27.3282261       4.10000038    
  -66.7028198      -26.3081207       3.62999916    
  -66.5171509      -26.7448444       0.00000000    
  -67.1429443      -25.8379784       26.1000004    
  -66.9144592      -25.9309883       0.00000000    
  -67.1993103      -25.8295631       29.8299999    
  -66.9268646      -25.9250317      0.459999084    
  -67.1777954      -25.8269787       27.7700005    
  -67.9983826      -27.5888767       23.9599991    
  -67.3706665      -26.7462120       0.00000000    
  -65.7734680      -26.7320213       27.1900005    
  -66.5367279      -27.4517479       24.2299995    
  -66.5734406      -27.3298931       13.8799992    
  -67.0022583      -26.8062153       0.00000000    
  -68.9527893      -26.1516247       38.7599983    
  -67.9317932      -26.4616852       0.00000000    
