   151.883835      -0.00000000       1.19743347    
   152.524933      -0.00000000      0.805839539    
   151.787048      -0.00000000       1.05478668    
   151.380447      -0.00000000       1.20762634    
   150.564255      -0.00000000       1.79162598    
   151.488022      -0.00000000      0.824089050    
   152.386261      -2.60302258      0.911994934    
   135.246689      -4.06572723       3.00496674    
   136.120316      -1.21788478       2.69854736    
   135.073151      -4.49080324       3.17604828    
   135.145416      -4.83096600       2.79192352    
   136.123138     -0.883873701       3.17879486    
   136.032532     -0.834861934       3.27435303    
   136.019775     -0.749458313       3.00715637    
   136.054428      -1.23280525       3.04786682    
   136.619781      -3.72128677       2.74774170    
   136.158401     -0.193524659       3.01412201    
   135.268188      -1.72002721       3.84651947    
   135.306351      -1.81472397       3.01364136    
   55.2918396      -10.4795265      0.399795532    
   129.568100      -7.86143017       1.95498657    
   129.126907      -7.80316210       1.17482758    
   53.3093796      -0.00000000       1.03117371    
   54.2388535      -7.46857691       2.36758423    
   101.731262      -5.89587641       4.10225677    
   52.6495132      -10.3865767       1.72634888    
   151.461014      -0.00000000      0.597328186    
   50.1865845      -9.50994873       3.35825348    
  -77.1573868      -3.17375302       1.37324524    
   49.4097366      -6.45832253       3.77317047    
  -77.8142929      -18.1058407       1.78873444    
  -100.051521      -2.46261311       3.25215912    
   122.715706      -5.26082897      0.572547913    
   151.030716      -0.00000000       1.93121338    
   221.046097      -19.8088989      0.787834167    
   154.509338      -6.15626574E-03  0.470321655    
   152.893875      -0.00000000      0.950164795    
   150.998123      -0.00000000       2.93668365    
   150.573318      -0.00000000       2.43693542    
   49.5693817      -8.89873695       4.25894165    
   152.791473     -0.749374211       1.10745239    
   152.708328      -0.00000000       1.98793030    
   151.439621      -0.00000000       1.86309814    
  -75.5731888      -4.87875223       2.00271606E-02
   105.530144      -6.05182266       3.40250397    
   43.2068329      -10.6499577       3.11227417    
   140.295258      -3.00771904      0.787315369    
   140.197815      -3.55019999       1.12821198    
   140.042267      -4.53440809       1.93406677    
   139.535950      -4.40392733       1.46611023    
   139.374512      -0.00000000      0.523567200    
   139.793762      -4.40630102       2.15251923    
   141.271255      -1.24000001      0.367820740    
   52.4251862      -0.00000000       2.55611420    
   43.8053589      -20.1042080       4.19245148    
   197.522705      -5.92361641       4.05940247    
   55.3464279      -15.7988148      0.481826782    
   153.777435      -2.99593568      0.288459778    
   48.5177383      -11.5515623       1.93418121    
   49.6194000      -4.43282509       4.27781677    
   48.5467072      -7.65244198       3.14853668    
   58.9388046      -9.86055374       1.66658783    
   50.0026550      -4.82191086       2.63505554    
   146.862961      -0.00000000       3.54541779    
   54.5957031      -13.3196201       2.46101379    
   54.1333008      -12.8521147       1.97586060    
   49.6699219      -5.28710365       4.85234070    
   157.275116      -0.00000000       7.03353882E-02
  -80.6968765      -15.4073915       1.12541962    
  -79.4920120      -1.92856526       2.11071777    
  -80.0621719      -4.36664391       2.54853058    
  -77.1857834      -21.3354225       1.46755219    
   197.587723      -14.0288467       3.56501007    
  -79.8286362      -14.8570471      0.828208923    
   56.6616936      -10.2367706       3.20850372    
   140.489716      -8.16434574       3.81865692    
   126.502869      -2.24021745       2.77209473    
   125.396294      -4.73113585       3.08034515    
   125.568123      -5.70116854       3.33250427    
   126.181473      -5.68943787       2.39226532    
   126.954399     -0.360347629       3.00637054    
   127.059464      -6.57627201       3.15560913    
   140.007141      -5.48539829       2.72400665    
   139.138504      -6.02176952       2.22296906    
   140.155106      -0.00000000      0.272125244    
   54.3070145      -13.3626957       1.12274933    
   140.020798      -3.01999998       8.21762085E-02
   199.212158      -21.9988270       1.71751404    
   139.909027      -0.00000000      0.301994324    
   140.218231      -3.64672422       1.23113251    
   137.728424      -6.92306614      0.715812683    
   140.032410      -2.75053835      0.500625610    
   139.789200      -0.00000000      0.451347351    
   140.187622      -2.23645544      0.546134949    
   140.198700     -0.684257925       4.69512939E-02
   138.962173      -5.84318638       1.68404388    
   140.334152      -1.66105235      0.445014954    
   139.814667      -3.20361233      0.491691589    
   140.239258      -2.31219006      0.658683777    
   138.747833      -6.28711224       2.83652496    
   139.611847      -2.94505477      0.291389465    
   139.956909      -4.14246750       2.07901001    
   139.593674      -1.00580239      0.837142944    
   139.048080      -4.10396767      0.811340332    
   140.168045      -2.07291269      0.492706299    
   139.981522      -5.06584549       2.66589355    
   140.024139      -3.10050964      0.967506409    
   140.153473      -2.06725240      0.604598999    
   140.058716      -0.00000000      0.419380188    
   153.252640      -0.00000000       1.60059357    
   140.487854      -2.44221830      0.670913696    
   140.078659      -3.39224815      0.908599854    
   140.105316      -2.66491079       1.32962036    
   139.844070      -4.62733078       1.97021484    
   139.509811      -4.02702665       1.07191467    
   140.017883      -2.34531355      0.350654602    
   139.283875      -3.58220935       1.24096680    
   140.038284      -4.84479427       2.55462646    
   139.946594      -1.57756925      0.519790649    
   139.728119      -2.94342208      0.906227112    
   139.928955      -2.30201674      0.443923950    
   140.046967      -1.88476467      0.337760925    
   139.477005      -3.63561034       1.85858154    
   140.044464      -2.34907913      0.545692444    
   139.631180      -2.09188890      0.330764771    
   139.773132      -2.77335954       1.06154633    
   139.910583      -3.61249948      0.832199097    
   139.619019      -2.12636495      0.248420715    
   140.133026      -2.23616982      0.843803406    
   139.237030      -5.77620888       3.50788116    
   139.680527      -2.57454109      0.645126343    
   140.088196      -3.53908014      0.729164124    
   140.374161      -2.79166174      0.880462646    
   139.281265      -3.00999999      0.229736328    
   142.073303      -5.09999990       1.88242340    
   140.769302      -5.79782248       2.15612793    
   140.165009      -3.28276062      0.688232422    
   140.355225     -0.635295272       1.52206421E-02
   139.922302      -2.34076214       1.08909607    
   140.003357      -3.48179221      0.640632629    
   141.202927      -4.11276913       1.64584351    
   140.440369      -5.20282459       1.73767090    
   140.307510      -3.46241879      0.986412048    
   140.332031      -2.72243309      0.795845032    
   139.812576      -3.51437235       1.44116974    
   139.974930      -5.67092085       2.22528076    
   140.491913      -5.11993027       2.26737976    
   140.738800      -2.19239879      0.621604919    
   140.121521      -5.66521788       1.32299042    
   140.744232      -2.26206112      0.694549561    
   140.133392      -3.47625685       1.40103912    
   139.715332      -5.35617876       2.60825348    
   140.309860      -4.62417030       1.19585419    
   139.181488      -5.22859335       1.93448639    
   140.910477      -3.26050472      0.683853149    
   140.242752      -3.91116428      0.578529358    
   140.245789      -1.26116741      0.253524780    
   139.217865      -0.00000000      0.699340820    
   139.451202      -0.00000000      0.837089539    
   139.096237      -0.00000000      0.167465210    
   139.390793      -1.18779302      0.113601685    
   139.611603      -5.47442436       2.21604156    
   139.958145      -2.47208619      0.178245544    
   139.945312      -4.15345812       1.59460449    
   140.480057      -3.51873636      0.736640930    
   139.932983      -0.00000000      0.230110168    
   139.908173     -0.641776085       7.93533325E-02
   141.122604      -1.20000005      0.669433594    
   140.100189      -3.86761713       1.21646118    
   139.657013      -5.28097439      0.991981506    
   140.265091      -2.79364562      0.700927734    
   140.027832      -2.30442381      0.664772034    
   139.672119      -5.99121666       3.13827515    
   139.890884      -3.77854681      0.866592407    
   141.231644      -5.64055586       1.63250732    
   140.143799      -4.24166918       1.13806152    
   139.942383      -1.59650636      0.107810974    
   139.938293      -0.00000000      0.224647522    
   140.758606      -2.28135061      0.590118408    
   140.282013      -1.86615038      0.426818848    
   139.905258     -0.114268064      0.317695618    
   139.305634      -3.30366635       1.41670227    
   140.333725      -3.28615046      0.964492798    
   140.119553      -2.72298670       1.08077240    
   139.260468      -3.22345042      0.743789673    
   139.779205      -3.57154584      0.977691650    
   140.422424      -2.33595157       1.23978424    
   139.428467      -1.60943615      0.196075439    
   139.281937      -5.21445417       1.55006409    
   139.454636      -3.76700497       1.46820831    
   139.605408      -1.96543419      0.637908936    
   138.272491      -3.28493524      0.235427856    
   139.479752      -1.39419293       2.67868042E-02
   139.298248      -4.39904499      0.560997009    
   139.440918      -2.67147279      0.654846191    
   139.666595      -4.01481724      0.600257874    
   139.744324      -3.73870802       1.36628723    
   139.922165     -0.989777803      0.383392334    
   140.171951      -1.40399981      0.863212585    
   139.365326      -2.51185274      0.442520142    
   139.409363      -5.93175936       1.90852356    
   139.780289      -1.98062468      0.696159363    
   139.580627      -3.54332113       1.38169098    
   139.958481      -1.26662707       8.84017944E-02
   138.638519      -4.86922169       1.29708099    
   139.191986      -2.72025537      0.864875793    
   140.288849      -3.23007941       2.55937958    
   139.296509      -5.02249432       1.21250153    
   140.530914      -1.31587386      0.307220459    
   139.125168      -4.88621950      0.570129395    
   139.824387      -2.55041361      0.522438049    
   138.974823      -2.40366077      0.914306641    
   139.469910      -1.46830106      0.533340454    
   139.142487      -4.64112806      0.613845825    
   137.721817      -0.00000000      0.732482910    
   139.864319     -0.740520597      0.140762329    
   140.439194      -1.91627383       1.15927887    
   139.234695      -0.00000000       9.76104736E-02
   140.061844      -4.64728117       2.27091217    
   140.733627      -3.58998179       1.47525024    
   139.542358      -6.22535610       3.01692200    
   140.036636     -0.622969508      0.327674866    
   139.654419      -2.54830432      0.223937988    
   140.004059      -2.08011007      0.518798828    
   140.005508      -0.00000000      0.504829407    
   140.037476      -2.62641668       1.18008423    
   140.389160      -3.31097341       1.16490173    
   139.861877      -5.28818417       1.27465820    
   140.429169      -3.73217130       1.20994568    
   141.944229      -2.08999991       1.15776062    
   140.825302      -2.36123323      0.593917847    
   141.003326      -3.17207646       1.25493622    
   139.564392      -4.22796822      0.505119324    
   139.967743      -3.06985664      0.468811035    
   139.295898      -4.72167492      0.624710083    
   140.107819      -4.63800001       1.20593262    
   140.018219      -4.19993973       1.31005859    
   139.861801      -4.87056446       2.31076813    
   140.173706      -4.48835325      0.540687561    
   140.791565      -0.00000000      0.456893921    
   140.196075      -1.59035671      0.634567261    
   140.175827      -5.47361040       2.04648590    
   140.286713      -3.91705704       1.41835785    
   140.134018      -2.32695675      0.576202393    
   124.504669      -4.04509354       4.27143860    
   139.337631      -4.04900169       1.15825653    
   139.608047      -5.90163231       2.53166962    
   139.444611      -3.74642754      0.599983215    
   139.653061      -3.49895620       1.06497955    
   139.831085      -3.94181657       1.59471130    
   54.6404877      -14.5004520       3.91415405    
   138.985596      -4.95512342       1.15411377    
   50.3818817      -7.60373783       3.25125885    
   127.607346      -5.02813768       1.16458893    
   128.363892      -5.11138296       1.89033508    
   128.686752      -7.63153172       1.67840576    
   128.841125      -6.97185802       1.51621246    
   136.149292      -7.03672028       3.18593597    
   41.0131226      -4.39751005      0.752288818    
   48.0966949      -8.18325806       1.26127625    
   47.9525070      -13.3168049       1.67038727    
   46.9309006      -11.1966496       1.65069580    
   48.0539398      -12.8325558       2.83443451    
   149.659393     -0.635277629       2.57131958    
   147.358551      -16.0954304       2.80906677    
   61.4377441      -16.0615997       4.22878265    
   57.9795341      -17.6972218       4.41280365    
   40.2771912      -18.3166828       3.26492310    
   54.2564697      -14.5071297       3.55475616    
  -91.8873367      -3.31811213       2.08753204    
   186.618164      -5.93484116       1.48879242    
   216.473419      -20.1330013      0.996879578    
   188.311859      -3.67927146       4.03636169    
   50.4642105      -20.6446114       3.21718597    
   52.5424728      -10.3162403       3.04510498    
   53.4614792      -13.8657904       3.68325806    
   60.0458794      -14.9420033      0.594367981    
