50.17	6.85	600
45.775	2.97	1464
42.17	2.53	893
38.87	-4.02	1117
41.73	12.7	949
40.827	14.139	458
40.821	14.426	1281
40.73	13.897	789
39.48	14.83	-70
38.789	15.213	924
38.638	15.064	399
38.49	14.933	590
38.404	14.962	500
37.748	14.999	3357
37.1	12.7	-8
36.77	12.02	836
39.284	14.399	-779
37.615	23.336	760
36.699	24.439	751
36.404	25.396	367
36.586	27.16	698
36.671	27.14	180
38.58	28.52	750
37.667	33.6	1302
38.13	34.17	3253
38.25	34.57	2143
38.537	34.621	1683
38.531	35.447	3864
37.67	39.83	1957
38.654	42.229	2948
39.356	43.874	3514
39.7	44.3	5165
43.351	42.442	5642
42.7	44.5	5050
41.542	43.7	3290
40.53	44.2	4095
40.283	45	3597
39.797	45.497	2575
40.028	45.74	3029
39.742	45.992	3139
15.55	41.83	244
15.05	42.18	191
14.02	42.75	624
13.72	42.73	422
14.88	39.92	904
14.242	40.3	-48
13.975	40.408	287
13.793	40.553	578
13.725	40.6	668
13.6	40.67	613
13.512	40.631	988
13.51	40.722	493
13.579	41.809	1625
13.37	41.7	2218
13.27	41.65	1875
13.18	41.725	1611
13.098	41.599	1338
13.106	41.161	493
13.284	41.063	655
13.304	40.987	784
13.088	40.853	1250
13.013	40.185	1745
12.888	40.573	1496
12.595	40.48	1401
12.38	40.07	1302
12.17	40.82	600
11.816	40.242	852
11.88	41.208	625
12.38	42.2	600
12.469	42.404	1993
12.55	42.53	600
12.95	42.43	987
11.58	42.47	298
11.75	41.48	700
11.28	41.63	1068
11.08	41.27	1459
10.58	41.042	1383
10.082	40.702	2145
10.063	40.831	1670
9.78	40.33	900
9.57	40.28	878
9.35	40.13	1151
8.975	39.93	2007
8.95	39.75	1100
8.788	39.701	1380
8.558	39.475	2447
8.78	38.98	1850
8.43	39.35	1765
8.357	39.188	1873
8.221	39.05	2267
8.159	39.137	2343
8.013	39.062	1886
7.874	38.902	1889
8.05	38.35	2281
7.77	38.78	2335
7.47	38.58	2075
7.193	38.39	2320
7.07	38.1	1700
7.42	35.43	2728
6.76	37.97	1594
5.708	37.713	1150
5.1	35.88	912
3.971	38.213	1500
4.059	36.049	490
3.496	36.04	518
2.63	36.6	800
2.32	37.97	1707
2.32	36.57	1032
1.98	36.43	817
1.57	37.9	699
1.5	36.33	1285
1.15	36.23	1528
0.92	36.18	1697
0.77	36.12	1446
0.62	36.075	1130
0.23	37.87	750
-0.2	36.07	2278
-0.38	34.5	1751
-0.52	36.27	2126
-0.65	36.22	2856
-0.904	36.292	2434
-0.914	36.446	2776
-1.151	36.357	2356
-2.764	35.914	2962
-2.68	37.88	2188
-3.244	36.75	4550
-4.889	31.933	1146
-8.989	33.554	2614
-9.135	33.668	2953
-9.229	33.792	2176
0.7	30.25	1615
0.45	30.25	1430
-0.08	29.92	1067
-0.2	30.08	1554
-0.471	30.191	1707
-1.408	29.2	3058
-1.52	29.25	3470
-1.506	29.45	4490
-1.458	29.485	3696
-1.383	29.678	4103
-1.304	29.683	2100
3.35	8.52	2260
3.35	8.63	2009
3.588	8.762	2999
4.203	9.17	4095
4.758	9.717	500
6.25	10.5	3011
17.68	8.5	1780
22.67	5	1467
23.33	5.83	2918
23.92	5.83	1672
21.33	16.33	2000
21.03	16.45	3265
20.92	17.28	3100
19.8	18.53	3415
12.95	24.27	3042
14.57	25.85	1779
15.32	26.47	2000
18.33	32.75	670
32.333	37.583	1100
25.17	37.75	1370
26.58	40.2	1625
25.5	40	2093
23.08	39.78	1744
22.8	41.38	1475
18.37	41.63	587
17.05	42.83	305
15.63	44.08	3100
15.245	44.236	2506
15.4	45.1	1550
14.57	44.67	3500
13.58	46.12	1737
14.067	48.3	604
15.515	50.935	464
37.75	46.43	3707
38.268	47.835	4784
35.951	52.109	5670
28.07	60	3490
28.17	60.67	1500
28.6	61.13	3940
-11.47	43.33	1087
-12.83	45.17	660
-11.75	43.38	2361
-12.6	49.15	1475
-13.32	48.48	214
-14.3	48.67	2878
-19.033	46.7	1800
-19.85	46.942	2644
-21.244	55.708	2632
-37.721	77.825	-650
-37.83	77.52	881
-38.72	77.53	268
-53.106	73.513	2745
-53.03	72.6	230
-49.58	69.5	1840
-46.43	52.2	1090
-46.42	51.75	934
-46.1	50.23	775
-46.63	37.95	672
-46.9	37.75	1230
-35.3	173.9	388
-36.89	174.81	260
-37.28	176.25	355
-39.3	174.07	2518
-37.52	177.18	294
-38.12	176.5	1111
-38.82	176	760
-39.157	175.632	1978
-39.28	175.57	2797
-36.446	177.839	-860
-36.321	178.028	-600
-36.142	178.196	-400
-36.13	178.05	-500
-35.745	178.478	-220
-35.353	178.527	-1200
-35.004	178.973	-980
-34.875	179.075	-1350
-31.85	-179.18	-900
-31.08	-179.033	-897
-30.543	-178.556	47
-30.21	-178.475	238
-30.036	-178.712	-65
-29.27	-177.92	516
-25.887	-177.188	-132
-24.8	-177.02	-385
-21.338	-175.65	-68
-21.15	-175.75	-65
-20.852	-175.55	-296
-20.536	-175.382	114
-20.32	-175.42	-17
-19.75	-175.07	515
-19.668	-175.016	1009
-19.18	-174.87	43
-18.992	-174.775	-10
-18.806	-174.65	540
-18.325	-174.365	-40
-18.023	-174.317	188
-15.854	-173.747	546
-15.62	-173.67	-33
-15.6	-175.63	260
-15.431	-175.725	-1170
-15.333	-176.283	-1500
-15.37	-174.23	-1400
-15.1	-173.75	-1174
-15.379	-174.003	-1270
-14.215	-169.058	-592
-14.23	-169.454	931
-14.175	-169.618	639
-14.295	-170.7	653
-14.601	-169.787	-145
-13.935	-171.72	1100
-13.612	-172.525	1858
-16.82	-179.97	1241
-17.32	179.4	522
-19.12	177.98	805
-2.38	147.35	270
-2.57	147.28	254
-3.03	147.78	-1300
-3.507	144.605	402
-3.608	144.588	365
-3.613	144.818	685
-3.994	144.963	240
-4.08	145.037	1807
-4.647	145.976	1839
-4.883	146.717	-5
-5.358	147.12	1280
-5.592	147.892	1335
-5.519	148.115	75
-5.414	148.094	992
-5.525	148.42	1330
-4.624	149.339	171
-4.687	149.511	368
-5.094	150.094	408
-5.141	150.038	1116
-5.3	150.07	565
-5.416	150.027	564
-5.466	150.509	796
-5.576	150.516	724
-5.5	150.942	610
-5.33	151.1	1148
-5.2	151.23	2248
-5.05	151.33	2334
-4.92	151.158	858
-4.271	152.203	688
-4.12	152.2	200
-8.95	148.15	1680
-9	148.37	1915
-9.08	148.33	1342
-9.2	149.07	1925
-9.549	149.151	493
-9.57	149.075	640
-9.358	150.246	220
-9.52	150.53	200
-9.62	150.88	500
-3.125	152.642	700
-4.08	153.65	450
-5.92	154.98	2715
-6.092	155.225	1544
-6.137	155.196	1855
-6.442	155.608	2210
-6.52	155.62	1887
-8.292	156.52	335
-8.75	157.03	-700
-8.841	157.16	-717
-8.991	157.979	-20
-8.92	158.03	-240
-9.35	159.73	1000
-9.13	159.82	485
-10.386	165.804	796
-13.67	167.67	411
-13.8	167.47	921
-14.281	167.514	729
-14.45	168.05	1028
-15.389	167.835	1496
-16.25	168.12	1334
-16.507	168.346	1413
-16.68	168.37	833
-16.829	168.536	-2
-16.992	168.592	216
-17.47	168.353	594
-18.754	169.238	817
-19.532	169.447	361
-20.2	169.78	852
-20.98	170.28	-80
-22.33	171.32	177
-22.4	172.05	297
-37.77	142.5	1011
-18.367	144.567	1020
13.43	94.28	710
12.278	93.858	354
5.448	95.658	1810
4.903	96.289	2785
4.769	96.821	2617
3.248	98.501	2181
3.17	98.392	2460
2.58	98.83	2157
1.556	99.255	1819
1.478	99.209	1862
0.686	99.539	2145
0.47	99.67	1983
0.079	99.98	2919
0.074	100.189	737
-0.38	100.474	2885
-0.39	100.331	2854
-0.979	100.681	2575
-1.697	101.264	3800
-2.414	101.728	2507
-3.247	102.239	2122
-3.38	102.37	2467
-3.522	102.615	1940
-4.016	103.121	3142
-4.257	103.306	2836
-4.871	103.925	1854
-5.107	104.317	1717
-5.25	104.27	1000
-5.334	104.59	849
-5.78	105.625	1281
-6.102	105.423	155
-6.343	105.978	1324
-6.268	106.05	1768
-6.75	106.675	1726
-6.716	106.733	2218
-6.786	106.983	3026
-7.162	107.4	2422
-6.77	107.6	2084
-7.32	107.73	2665
-7.245	107.709	2594
-7.143	107.841	2251
-6.77	107.95	1684
-7.25	108.058	2168
-7.208	108.07	2201
-6.895	108.408	3039
-7.242	109.208	3428
-7.2	109.879	2565
-7.302	109.996	3147
-7.384	110.07	3371
-7.18	110.33	2050
-7.362	110.4	1864
-7.454	110.44	3118
-7.54	110.446	2910
-6.62	110.88	1625
-7.625	111.192	3265
-7.808	111.758	2563
-7.935	112.314	1730
-7.92	112.45	2651
-7.733	112.575	3343
-7.616	112.62	1631
-8.108	112.922	3657
-7.942	112.95	2329
-7.981	113.341	1641
-7.97	113.57	3088
-8.119	114.056	3260
-8.058	114.242	2769
-7.85	114.37	1247
-8.283	115.133	2244
-8.242	115.375	1717
-8.343	115.508	2997
-8.42	116.47	3726
-8.25	118	2850
-8.2	119.07	1912
-8.724	119.986	1319
-8.62	120.52	2350
-8.875	120.95	2245
-8.73	120.98	1559
-8.817	121.191	2096
-8.891	121.641	618
-8.77	121.82	1639
-8.32	121.708	875
-8.676	122.455	1661
-8.542	122.775	1703
-8.365	122.833	1095
-8.342	123.258	1659
-8.274	123.508	1431
-8.55	123.38	1018
-8.532	123.573	583
-7.791	123.585	633
-8.508	124.13	862
-6.642	126.65	282
-7.125	128.675	868
-6.976	129.144	728
-6.73	129.5	781
-6.312	130.017	608
-5.543	130.303	257
-4.523	129.881	596
-0.162	121.601	404
0.75	124.42	1795
1.112	124.737	1785
1.358	124.792	1580
1.352	124.865	1299
1.454	125.031	1968
1.518	125.185	1334
2.3	125.37	725
2.781	125.407	1797
3.138	125.491	-5
3.689	125.447	1318
1.83	127.83	318
1.693	127.894	1229
1.63	127.67	1035
1.488	127.63	1325
1.38	127.53	1635
1.25	127.47	979
1.08	127.439	993
0.9	127.32	630
0.8	127.33	1715
0.658	127.4	1730
0.57	127.4	308
0.454	127.411	927
0.32	127.4	1357
0.07	127.42	422
-0.53	127.48	1030
-0.761	127.725	932
5.398	125.376	840
6.113	124.892	1824
6.37	125.07	2286
6.989	125.269	2938
7.382	126.047	1080
7.644	124.317	1818
7.691	124.507	2790
7.95	124.8	2824
7.877	125.068	646
8.22	123.63	2404
9.203	124.673	1552
9.25	123.17	1862
10.412	123.132	2435
10.65	123.25	1885
10.77	123.23	1510
10.285	125.218	912
10.882	124.888	860
11.523	124.535	1301
12.769	124.056	1535
13.05	123.958	1102
13.257	123.685	2462
13.32	123.6	1328
13.458	123.451	1138
13.658	123.38	1966
13.24	122.018	1157
14.07	121.48	2158
14.12	121.3	1090
14.002	120.993	311
14.42	121.27	743
15.13	120.35	1486
17.147	120.98	1865
17.32	121.1	2329
18.222	122.123	1133
18.83	121.86	712
19.077	122.202	228
19.524	121.95	1064
20.33	121.75	-24
20.469	122.01	1009
19.905	110.229	196
15.38	109.12	157
10.158	109.014	-20
20.92	95.25	1518
25.23	98.5	2865
24.841	121.953	361
25.178	121.553	1120
24.57	123.93	-200
27.881	128.223	212
28.797	128.997	495
29.465	129.594	555
29.638	129.714	796
29.859	129.857	979
29.968	129.926	628
30.443	130.217	657
30.793	130.305	704
31.22	130.57	924
31.593	130.657	1117
31.771	130.592	40
31.934	130.862	1700
32.657	128.849	315
32.761	130.299	1483
32.884	131.104	1592
33.086	131.249	1791
33.282	131.39	1584
34.5	131.6	641
35.141	132.622	1126
36.176	133.334	151
34.9	139.098	1406
35.233	139.021	1438
35.361	138.728	3776
36.087	138.32	2480
35.893	137.48	3067
36.155	136.771	2702
36.106	137.554	3026
36.2	137.573	2109
36.227	137.587	2455
36.408	137.594	2924
36.571	137.59	2621
36.921	138.036	2400
36.891	138.114	2454
36.406	138.523	2568
36.618	138.528	2165
36.688	138.519	2041
36.477	138.851	1449
36.56	139.193	1828
36.955	139.285	2356
36.799	139.376	2578
36.765	139.491	2486
36.795	139.507	2341
36.9	139.777	1795
37.125	139.963	1915
37.444	139.566	835
37.601	140.072	1816
37.647	140.281	1728
37.735	140.244	1949
38.144	140.44	1841
38.599	140.162	552
38.729	140.734	470
38.961	140.788	1627
39.099	140.049	2236
39.761	140.799	1637
39.853	141.001	2038
39.958	140.854	1613
39.964	140.757	1366
39.95	139.73	291
40.656	140.303	1625
40.51	140.88	1011
40.659	140.877	1585
41.279	141.12	878
34.724	139.394	746
34.52	139.279	508
34.397	139.27	432
34.219	139.153	572
34.094	139.526	775
33.874	139.602	851
33.4	139.68	-107
33.137	139.766	854
32.458	139.759	423
32.1	139.85	-360
31.888	139.918	11
31.44	140.051	136
30.484	140.303	394
29.794	140.342	99
28.575	140.633	-991
28.327	140.572	-933
27.68	140.8	-590
27.247	140.874	25
26.667	140.929	-165
26.127	141.102	-95
25.424	141.284	792
24.751	141.289	169
24.417	141.417	-73
24.285	141.481	-29
23.5	141.935	-107
23.078	142.326	-392
21.93	143.47	-217
21.765	143.71	-598
21.6	143.637	-274
21.485	144.043	-1535
21.324	144.194	-323
20.546	144.893	337
20.42	145.03	-75
20.13	145.1	-8
20.02	145.22	227
19.671	145.406	857
18.77	145.67	965
18.13	145.8	570
17.6	145.83	744
17.307	145.845	287
16.88	145.85	0
16.708	145.78	538
16.58	145.78	-184
16.35	145.67	790
15.93	145.67	-127
15.62	145.57	-230
15	145.25	-43
14.601	144.775	-517
13.4	143.92	-1456
13.25	144.02	-1230
15.406	144.506	-4100
41.51	139.367	732
41.805	141.166	618
42.063	140.677	1131
42.544	140.839	733
42.875	140.659	1308
42.827	140.812	1888
42.491	141.16	549
42.688	141.38	1320
45.179	141.242	1721
43.418	142.686	2077
43.664	142.854	2291
43.418	143.031	2013
43.384	144.013	1499
43.615	144.427	574
43.572	144.561	857
44.076	145.122	1660
44.044	145.086	1046
44.133	145.161	1562
43.844	145.504	535
43.979	145.733	882
44.454	146.139	1486
44.353	146.252	1822
44.462	146.932	1221
44.608	146.994	528
44.808	147.131	1206
44.857	147.403	1610
45.022	147.019	-195
45.012	147.871	1158
45.028	147.918	1208
45.1	148.019	1125
45.338	147.92	1587
45.389	148.838	1124
45.5	148.85	1205
45.77	149.68	1426
45.874	149.819	532
45.93	149.92	998
46.042	150.083	1328
46.532	150.871	742
46.47	151.28	-502
46.815	151.786	1504
46.925	151.95	624
47.02	152.12	1360
47.12	152.25	678
47.35	152.475	1172
47.52	152.8	401
47.6	152.92	36
47.77	153.02	956
48.092	153.2	1496
48.292	153.25	551
48.98	153.48	724
48.958	153.93	1170
48.873	154.182	911
49.12	154.508	1145
49.34	154.725	1272
49.57	154.808	1018
50.2	154.98	761
50.267	155.246	1742
50.148	155.373	1326
50.324	155.461	1781
50.55	155.97	1183
50.686	156.014	1103
50.861	155.565	2285
51.306	156.875	2116
51.356	156.753	1822
51.533	156.629	646
51.452	156.978	1040
51.45	157.12	81
51.498	157.203	1555
51.577	157.328	1926
51.844	157.572	1079
52.02	157.53	681
52.062	157.711	2039
52.355	157.827	1910
52.43	157.93	1234
52.449	158.196	2288
52.559	158.03	1799
52.543	157.339	2439
52.63	157.58	1021
52.7	158.28	2173
52.802	158.24	874
53.321	158.712	3430
53.256	158.836	2717
53.637	158.922	2285
53.589	159.15	2899
53.75	158.45	520
53.83	158.05	1150
53.905	158.07	2278
53.905	158.385	1567
53.98	159.45	1180
54.049	159.443	1513
54.135	159.674	1527
54.32	160.02	1720
54.528	159.804	2301
54.5	159.97	1617
54.489	160.251	1515
54.596	160.27	1816
54.753	160.533	3482
54.974	160.703	2539
55.033	160.725	2065
55.064	160.765	2129
55.131	160.32	2334
55.832	160.326	3611
55.758	160.527	2886
55.862	160.603	3057
55.972	160.595	2882
56.02	160.593	4585
56.056	160.642	4754
56.113	160.509	3943
56.653	161.36	3283
55.42	167.33	-300
54.761	157.407	1967
55.55	157.47	1868
55.678	157.718	3596
55.2	158.47	1236
56.483	157.917	1401
56.656	159.647	2570
57.153	161.09	355
57.2	159.83	765
57.317	160.067	1399
57.33	160.2	2125
57.35	160.97	583
57.35	161.37	265
57.406	160.108	1523
57.55	160.53	1381
57.97	160.65	1764
58.13	160.82	2171
58.18	160.82	2552
58.28	160.87	1936
58.374	160.631	1103
56.28	117.77	2180
53.75	113.25	1250
51.5	102.5	1200
52.713	99.021	2047
52.433	98.303	2765
48.133	99.95	2326
48.67	102.75	1886
45.754	114.279	1778
35.742	81.646	5090
41.59	113.111	1605
47.45	120.8	1677
49.37	125.92	670
48.722	126.15	597
44.08	128.83	1000
42.33	126.5	1000
41.98	128.08	2744
38.33	127.33	452
37.5	130.87	984
33.361	126.53	1919
52.35	175.911	656
52.103	177.602	1220
52.015	178.136	1160
51.97	178.33	328
51.95	178.543	1174
51.93	179.58	1221
51.79	-178.794	1573
51.885	-178.146	1806
51.873	-178.006	1449
51.91	-177.438	738
51.923	-177.168	1307
51.944	-176.747	1196
52.076	-176.13	1740
52.177	-175.508	314
52.22	-175.13	273
52.331	-174.139	1518
52.315	-172.51	1054
52.5	-171.252	1066
52.577	-171.13	1142
52.643	-170.629	550
52.742	-170.111	1280
52.894	-170.054	1620
52.825	-169.944	1730
52.83	-169.77	1170
53.065	-169.77	888
52.974	-169.72	893
53.13	-168.693	2149
53.157	-168.539	1984
53.43	-168.13	1073
53.93	-168.03	150
53.891	-166.923	1800
54.134	-165.986	1303
54.516	-164.65	1563
54.65	-164.43	1112
54.756	-163.97	2857
54.8	-163.589	1871
55.424	-163.149	488
55.067	-162.835	1728
55.183	-162.276	1465
55.341	-162.073	1436
55.417	-161.894	2493
55.457	-161.854	2142
55.641	-161.214	1354
55.917	-160.017	1633
56.011	-159.797	1895
56.17	-159.38	2507
56.552	-158.785	1032
56.88	-158.17	1341
57.019	-157.185	1345
57.135	-156.99	2221
57.203	-156.745	1677
57.751	-156.368	1474
57.832	-156.51	91
57.87	-155.411	402
58.172	-155.361	1863
58.195	-155.253	2165
58.236	-155.1	1864
58.28	-154.963	2047
58.27	-155.157	841
58.354	-155.092	2317
58.336	-154.682	2162
58.418	-154.449	2287
58.43	-154.4	2272
58.453	-154.355	2043
58.608	-154.028	901
58.77	-153.672	2105
58.855	-153.542	2140
59.363	-153.43	1252
60.032	-153.09	3053
60.485	-152.742	3108
61.299	-152.251	3374
61.64	-152.411	3034
57.18	-170.3	203
61.43	-164.47	190
63.45	-162.12	715
65.517	-163.45	610
64.062	-148.433	830
62.006	-144.017	4278
61.38	-141.75	5005
57.05	-135.75	970
56.5	-133.1	15
55.25	-133.3	50
55.32	-131.05	500
62.93	-137.38	1239
60.42	-135.42	2217
59.68	-133.32	1880
59.37	-130.58	2123
58.6	-131.97	2012
58.42	-131.35	2164
57.72	-130.63	2786
57.43	-130.68	2430
56.78	-131.28	1850
56.58	-130.55	1880
55.12	-128.9	609
54.7	-130.23	335
52.5	-128.73	335
52.928	-123.732	1238
52.33	-120.57	2576
51.43	-126.3	3160
50.8	-123.4	2500
50.63	-123.5	2680
49.933	-123	2316
49.85	-123	2678
50.12	-123.28	2375
48.777	-121.813	3285
48.112	-121.113	3213
46.853	-121.76	4392
46.206	-121.49	3742
46.2	-122.18	2549
45.88	-122.08	1329
45.93	-121.82	1806
45.374	-121.695	3426
44.674	-121.8	3199
44.411	-121.774	1230
44.38	-121.93	1664
44.285	-121.841	2095
44.133	-121.767	3159
43.979	-121.688	2763
43.57	-121.82	2163
43.722	-121.229	2434
43.512	-120.861	1698
43.241	-122.108	1956
42.93	-122.12	2487
43.1	-118.75	1435
43.147	-117.46	1473
41.409	-122.193	4317
41.611	-121.554	2412
40.492	-121.508	3187
38.97	-122.77	1439
38	-119.03	2121
37.804	-119.029	2796
37.631	-119.032	3369
37.02	-117.45	752
33.197	-115.616	-40
43.183	-114.352	1478
43.42	-113.5	2005
42.88	-113.22	1604
43.5	-112.45	1631
39.53	-118.87	1251
37.58	-112.67	2840
38.97	-112.5	1800
33.78	-105.93	1731
34.8	-108	2550
34.25	-108.83	2300
39.661	-107.035	2230
36.38	-113.13	1555
35.347	-111.678	3850
48.78	-128.64	-2550
47.95	-129.1	-2050
46.88	-129.33	-2100
46.52	-129.58	-2400
45.95	-130	-1410
44.83	-130.3	-2140
42.67	-126.78	-3000
42.15	-127.05	-3100
40.98	-127.5	-1700
44.267	-129.879	-3000
18.92	-155.27	-975
19.421	-155.287	1222
19.475	-155.608	4170
19.82	-155.47	4205
19.692	-155.87	2523
20.708	-156.25	3055
-17.564	-148.821	-1743
-17.662	-148.586	-2515
-18.325	-148.525	-312
-17.874	-148.068	389
-25.37	-129.27	-39
-28.98	-140.25	-39
16.55	-105.32	-2700
15.83	-105.43	-2300
10.73	-103.58	-2900
9.83	-104.3	-2500
0.792	-86.15	-2430
-8.27	-107.95	-2800
-17.436	-113.206	-2566
-18.175	-113.35	-2650
-18.53	-113.42	-2600
-53.998	-139.845	-1000
-56.153	-143.373	-5700
32.418	-115.305	223
31.85	-113.5	1183
29.97	-114.4	180
29.33	-114.5	960
29.08	-113.513	440
29.07	-118.28	1100
28.5	-113.75	1360
27.438	-111.881	224
26	-111.92	780
19.3	-110.82	332
18.78	-110.95	1050
24.15	-104.45	2075
21.848	-105.886	95
21.45	-104.73	2340
21.125	-104.508	2280
20.567	-104.817	2525
19.514	-103.62	3850
19.85	-101.75	3860
19.4	-100.25	3500
19.73	-99.758	3900
19.108	-99.758	4680
19.08	-99.13	3930
19.308	-98.7	3600
19.179	-98.642	5230
19.023	-98.622	5393
19.231	-98.032	4461
19.27	-97.47	3485
19.68	-97.45	3150
19.81	-96.527	775
19.67	-96.75	2000
19.492	-97.15	4282
19.33	-97.25	3500
19.15	-97.27	3940
19.03	-97.27	5564
18.57	-95.2	1650
17.36	-93.228	1150
15.132	-92.109	4064
15.043	-91.903	4203
14.757	-91.552	3745
14.797	-91.519	3173
14.583	-91.186	3535
14.612	-91.189	3158
14.501	-90.876	3976
14.473	-90.88	3763
14.465	-90.743	3760
14.382	-90.601	2569
14.33	-90.4	1454
14.156	-90.407	1845
14.34	-90.271	1802
14.03	-90.1	1662
14.308	-89.992	1600
14.43	-89.9	1716
14.33	-89.87	1192
14.4	-89.78	2042
14.12	-89.73	1775
14.42	-89.68	1292
14.55	-89.63	1650
14.83	-89.55	1192
14.27	-89.48	781
14.054	-89.631	926
13.872	-89.742	2028
13.853	-89.63	2381
13.813	-89.633	1950
13.87	-89.55	746
13.734	-89.294	1893
14.02	-89.25	665
13.9	-89.12	1438
13.672	-89.053	450
13.595	-88.837	2182
13.72	-88.77	700
13.435	-88.532	1172
13.494	-88.502	1593
13.419	-88.471	1449
13.47	-88.43	1640
13.478	-88.33	1300
13.434	-88.269	2130
13.428	-88.105	181
13.274	-87.639	774
13.33	-87.63	640
14.964	-87.983	1060
12.98	-87.57	872
12.702	-87.004	1745
12.606	-86.84	1036
12.55	-86.75	832
12.506	-86.702	728
12.495	-86.688	1088
12.423	-86.539	1270
12.242	-86.342	518
12.12	-86.32	360
11.985	-86.165	594
11.9	-85.979	250
11.826	-85.968	1344
11.73	-85.82	629
11.538	-85.622	1700
13.17	-86.4	899
12.53	-86.142	603
12.3	-85.73	926
10.98	-85.473	1659
10.83	-85.324	1916
10.748	-85.153	2028
10.673	-85.015	1916
10.463	-84.703	1670
10.3	-84.366	2267
10.2	-84.233	2697
10.135	-84.1	2906
9.979	-83.852	3436
10.025	-83.767	3340
8.808	-82.543	3474
8.58	-80.17	1185
5.203	-75.363	3769
5.091	-75.293	3985
4.892	-75.324	5279
4.818	-75.365	4944
4.658	-75.33	5215
4.487	-75.389	2749
2.93	-76.03	5364
2.32	-76.4	4650
2.108	-76.592	4400
1.5	-76.936	4137
1.22	-77.37	4276
1.08	-77.68	4070
0.95	-77.87	4764
0.817	-77.938	4698
0.552	-77.58	3955
0.468	-78.287	4106
0.308	-78.364	3246
0.258	-78.183	4609
0.13	-78.27	4263
0.029	-77.986	5790
-0.077	-77.656	3562
0.038	-78.463	3356
-0.171	-78.598	4784
-0.353	-78.617	4463
-0.375	-78.25	4643
-0.481	-78.141	5753
-0.53	-78	4267
-0.538	-77.626	3990
-0.663	-78.715	5162
-0.677	-78.436	5911
-0.85	-78.9	3914
-1.469	-78.817	6261
-1.467	-78.442	5023
-1.78	-78.613	3336
-2.005	-78.341	5286
-0.37	-91.55	1476
-0.02	-91.546	790
0.02	-91.35	1710
-0.18	-91.28	1330
-0.43	-91.12	1130
-0.83	-91.17	1124
-0.92	-91.408	1640
0.58	-90.75	780
0.33	-90.47	343
0.32	-89.958	64
-0.22	-90.77	920
-0.62	-90.33	864
-0.88	-89.5	759
-14.133	-71.367	3848
-15.07	-73.18	4980
-15.33	-73.45	5522
-15.52	-72.65	6377
-15.42	-72.33	4713
-15.78	-72.08	4554
-15.787	-71.857	5960
-16.191	-71.53	6057
-16.261	-71.754	2525
-16.294	-71.409	5822
-16.355	-70.903	5672
-16.608	-70.85	4850
-16.755	-70.595	5408
-17.026	-70.372	5801
-17.184	-70.196	5495
-17.47	-69.813	5650
-17.72	-69.77	5980
-18.1	-69.5	5860
-18.166	-69.142	6336
-18.42	-69.092	6071
-18.62	-68.75	4215
-19.15	-68.83	5550
-19.13	-68.53	5430
-19.463	-67.432	3650
-19.78	-66.48	5438
-20.73	-68.55	5163
-20.939	-68.413	5705
-22.557	-67.853	5884
-22.719	-67.891	5961
-22.83	-67.88	5916
-22.895	-67.566	5598
-23	-67.75	5703
-23.236	-67.645	5631
-23.292	-67.618	6023
-23.58	-67.7	5778
-23.37	-67.73	5592
-23.743	-67.534	5852
-23.82	-67.77	5910
-23.83	-67.95	3550
-23.949	-67.74	4458
-23.97	-68.13	3109
-24.188	-68.054	6233
-24.319	-68.59	4220
-24.396	-68.246	6031
-24.72	-68.53	6739
-25.083	-68.367	5451
-25.168	-68.507	5706
-25.336	-68.521	5481
-25.414	-68.588	5413
-26.48	-68.58	6173
-26.8	-68.37	5906
-27.033	-68.296	6638
-27.109	-68.541	6879
-27.105	-68.713	6205
-24.05	-66.48	5486
-24.29	-67.783	6095
-25.078	-68.266	4652
-26.12	-67.4	3495
-26.632	-68.361	6373
-26.623	-68.116	5741
-26.789	-67.765	4670
-27.196	-68.561	6658
-27.114	-109.356	501
-33.425	-69.797	5660
-33.789	-69.895	6070
-34.164	-69.832	5323
-34.608	-70.295	4860
-34.65	-70.05	5189
-34.917	-69.981	4999
-34.814	-70.352	4280
-35.223	-70.568	3977
-35.123	-69.9	3007
-35.558	-70.496	3508
-35.58	-70.75	3953
-35.653	-70.761	3788
-36.058	-70.492	2162
-35.989	-70.849	3621
-36.193	-71.161	3242
-36.286	-71.009	2268
-36.45	-70.92	1890
-36.422	-69.241	3715
-36.868	-71.378	3180
-37.144	-70.033	4114
-37.406	-71.349	2979
-37.738	-70.906	2360
-37.856	-71.183	2953
-37.92	-71.45	3164
-38.31	-71.645	2739
-38.379	-71.586	2832
-39.02	-70.37	1700
-38.692	-71.729	3125
-38.97	-71.52	2282
-39.25	-71.75	1652
-39.42	-71.93	2847
-39.496	-71.722	2360
-39.637	-71.502	3776
-39.887	-71.58	2189
-39.927	-72.027	2422
-40.35	-72.07	1114
-40.59	-72.117	2236
-40.783	-72.15	1979
-40.969	-72.264	2493
-41.105	-72.496	2659
-41.157	-71.885	3478
-41.3	-72.27	506
-41.33	-72.618	1974
-41.755	-72.396	2187
-41.874	-72.431	1572
-41.88	-72.58	1210
-42.018	-70.194	1344
-42.377	-72.578	1318
-42.799	-72.445	2452
-42.833	-72.646	1122
-43.469	-72.782	1790
-43.189	-72.794	1826
-44.08	-72.88	2400
-44.3	-72.53	524
-44.7	-73.08	1660
-45.059	-72.984	2090
-45.1	-73.17	2960
-45.9	-72.97	1905
-49.019	-73.504	3542
-50.33	-73.75	2546
-50.964	-73.585	1000
-45.22	-73.05	1080
-52.33	-73.4	1758
-52.082	-69.698	282
-54.97	-70.262	157
17.63	-63.23	887
17.478	-62.96	601
17.37	-62.8	1156
17.15	-62.58	985
16.72	-62.18	915
16.044	-61.664	1467
15.612	-61.43	861
15.503	-61.397	1430
15.37	-61.33	1387
15.307	-61.305	1224
15.255	-61.341	940
14.809	-61.166	1372
13.83	-61.05	777
13.33	-61.18	1220
12.3	-61.64	-185
12.15	-61.67	840
64.8	-23.783	1446
64.866	-23.283	986
64.9	-22.483	1063
63.817	-22.717	140
63.733	-23	70
63.917	-22.067	360
63.895	-22.258	250
63.933	-21.783	610
64.083	-21.416	803
64.083	-21.333	550
64.05	-20.883	200
64.583	-20.666	1385
64.85	-19.7	1100
64.833	-18.766	1765
63.416	-20.266	283
63.633	-19.633	1651
63.633	-19.083	1490
63.783	-19.716	1464
63.892	-19.122	1280
63.983	-19.666	1490
64.416	-17.316	1719
64.267	-17.617	1650
64.633	-17.516	2000
64.75	-17.916	1523
64.653	-16.647	1930
65.033	-16.783	1080
65.416	-16.666	970
65.715	-16.728	800
65.583	-16.817	490
65.883	-16.967	563
66.309	-17.118	-75
64	-16.65	2010
64.25	-16.583	1620
64.798	-15.56	1833
66.67	-18.5	5
71.082	-8.155	2197
85.608	85.25	-3800
38.75	-38.08	-4200
39.462	-31.216	914
38.576	-28.713	1041
38.47	-28.4	2351
38.65	-28.08	1053
39.02	-27.97	402
38.73	-27.32	1023
38.23	-26.63	-13
37.865	-25.785	842
37.78	-25.67	350
37.77	-25.47	947
37.77	-25.32	805
37.6	-25.88	-197
32.73	-16.97	1862
28.57	-17.83	2426
27.73	-18.03	1500
28.271	-16.641	3715
28	-15.58	1950
28.358	-14.02	529
29.03	-13.63	670
14.95	-24.35	2829
14.85	-24.72	900
-0.433	-19.596	-1528
-7.95	-14.37	858
-32.958	-5.22	-1200
-37.092	-12.28	2060
-37.42	-12.48	365
-54.408	3.351	741
-66.78	163.25	1239
-66.42	162.47	1340
-67.4	164.83	1167
-72.67	165.5	3040
-74.35	164.7	2732
-76.83	163	-500
-78.5	163.53	2723
-77.53	167.17	3794
-78.25	163.33	3000
-76.05	-136	3478
-75.8	-132.33	2978
-76.28	-112.08	3460
-74.33	-99.42	749
-63.001	-60.652	602
-62.1	-57.93	180
-62.063	-56.713	240
-63.579	-55.78	353
-59.442	-27.225	1075
-59.017	-26.533	1100
-58.445	-26.374	1370
-57.8	-26.483	843
-57.08	-26.67	550
-56.712	-27.176	835
-56.656	-28.14	190
-56.3	-27.57	551
-55.912	-28.167	-55
-64.15	-57.75	1630
-62.02	-57.67	549