2008	3	4	12	06	14.8
2008	3	4	12	24	48.7
2008	3	4	13	03	13.9
2008	3	5	02	45	16.7
2008	3	5	08	54	34.7
2008	3	5	15	38	31.3
2008	3	12	06	43	35.7
2008	3	16	04	39	28.9
2008	3	16	12	52	1.1
2008	3	20	20	20	11.3
2008	3	23	14	34	16.7
2008	3	23	14	34	17.1
2008	3	25	18	25	37.6
2008	3	26	17	47	59.8
2008	3	29	14	18	39.4
2008	4	13	20	46	34.1
2008	4	16	11	01	7.1
2008	4	16	20	45	45.1
2008	4	16	21	19	7.6
2008	4	18	09	55	8.5
2008	4	18	10	55	0.9
2008	4	18	19	04	26.6
2008	4	21	13	15	24.3
2008	4	22	01	07	19.1
2008	4	22	06	02	4.6
2008	4	22	17	20	0.2
2008	4	24	05	50	46.1
2008	4	26	19	12	51.6
2008	4	27	01	46	50.2
2008	4	27	12	25	34.7
2008	5	2	08	11	24.3
2008	5	4	18	16	32.7
2008	5	5	04	00	54.7
2008	5	11	17	19	33.6
2008	5	19	20	41	53.7
2008	6	3	05	18	46.2
2008	6	4	03	00	35.4
2008	6	9	00	50	23.3
2008	6	19	16	04	36.3
2008	6	20	08	08	14.9
2008	6	21	01	25	19.3
2008	6	21	12	40	55.1
2008	7	7	06	47	1.4
2008	7	11	12	05	22.5
2008	7	19	23	49	42.6
2008	7	22	00	39	44.6
2008	7	23	14	46	47.0
2008	7	24	15	49	47.1
2008	7	24	23	49	25.0
2008	7	27	22	01	23.7
2008	7	28	17	40	28.3
2008	8	1	15	27	14.9
2008	8	2	17	59	52.6
2008	8	3	18	21	31.7
2008	8	21	15	22	29.6
2008	8	26	16	54	6.8
2008	8	31	08	03	34.3
2008	9	11	00	59	30.8
2008	9	17	06	24	37.0
2008	9	22	16	50	9.8
2008	9	24	07	45	27.7
2008	9	27	04	37	17.0
2008	10	2	01	16	40.0
2008	10	3	01	53	56.0
2008	10	3	07	24	17.1
2008	10	4	04	44	30.3
2008	10	5	08	15	13.1
2008	10	7	00	10	34.6
2008	10	8	15	05	22.3
2008	10	12	03	10	12.7
2008	10	18	10	05	17.4
2008	10	21	11	26	31.8
2008	10	28	09	31	56.5
2008	10	29	19	49	49.5
2008	11	1	06	30	18.6
2008	11	2	19	39	30.0
2008	11	7	04	24	32.9
2008	11	7	04	25	54.5
2008	11	8	20	33	44.6
2008	11	17	18	38	49.1
2008	11	18	07	45	7.6
2008	11	19	16	11	13.0
2008	11	19	23	33	8.8
2008	11	21	03	26	50.7
2008	11	22	10	29	26.1
2008	11	25	06	58	17.3
2008	11	27	10	14	44.3
2008	11	29	06	26	10.0
2008	12	2	04	19	4.9
2008	12	2	16	47	23.3
2008	12	2	21	01	38.4
2008	12	2	21	01	38.7
2008	12	4	02	28	22.5
2008	12	4	11	28	30.3
2008	12	4	14	03	27.0
2008	12	4	14	03	27.1
2008	12	5	03	20	34.2
2008	12	5	06	31	21.7
2008	12	5	21	18	18.1
2008	12	7	08	34	46.7
2008	12	7	15	54	42.5
2008	12	7	22	04	17.8
2008	12	8	00	37	30.0
2008	12	8	04	44	35.2
2008	12	8	20	45	55.3
2008	12	9	07	18	43.0
2008	12	9	10	33	35.1
2008	12	9	18	35	3.4
2008	12	11	10	07	10.7
2008	12	12	08	06	50.0
2008	12	12	08	06	50.0
2008	12	12	08	06	50.0
2008	12	12	11	57	47.1
2008	12	12	13	43	40.8
2008	12	13	23	54	22.8
2008	12	14	02	47	51.6
2008	12	14	02	47	51.6
2008	12	15	02	06	24.7
2008	12	15	13	20	29.6
2008	12	15	17	53	8.5
2008	12	19	08	38	24.1
2008	12	21	16	26	23.3
2008	12	21	23	48	27.6
2008	12	22	01	16	59.5
2008	12	27	00	55	23.3
2008	12	27	21	03	46.1
2008	12	30	16	40	51.0
2009	1	2	00	34	19.6
2009	1	2	00	34	19.7
2009	1	2	22	21	17.3
2009	1	3	00	38	11.3
2009	1	3	17	43	40.7
2009	1	4	04	28	50.9
2009	1	4	12	37	25.8
2009	1	5	02	44	59.7
2009	1	6	02	46	6.0
2009	1	6	08	58	30.5
2009	1	7	08	35	5.5
2009	1	7	16	52	8.4
2009	1	7	16	52	8.7
2009	1	7	16	52	44.2
2009	1	7	16	55	42.9
2009	1	7	20	04	15.6
2009	1	12	04	48	2.9
2009	1	12	14	25	43.8
2009	1	13	02	11	48.8
2009	1	13	18	31	36.5
2009	1	14	15	37	26.1
2009	1	17	23	38	38.5
2009	1	18	03	51	35.9
2009	1	19	09	19	14.8
2009	1	23	06	21	13.2
2009	1	23	16	21	13.4
2009	1	23	16	21	15.9
2009	1	23	17	34	30.4
2009	1	25	09	02	16.7
2009	2	5	00	42	39.1
2009	2	12	00	40	21.6
2009	2	15	16	38	14.9
2009	2	19	19	10	2.7
2009	2	20	13	27	16.6
2009	2	20	19	03	9.2
2009	2	20	22	01	30.0
2009	2	21	17	38	35.5
2009	2	21	20	51	43.2
2009	2	22	22	05	40.1
2009	2	23	17	59	46.5
2009	2	24	17	59	38.0
2009	2	24	20	01	32.7
2009	2	25	10	59	41.3
2009	2	25	19	20	51.1
2009	2	26	06	01	48.6
2009	2	27	19	01	23.2
2009	3	1	04	17	41.3
2009	3	6	06	06	11.7
2009	3	6	22	07	11.9
2009	3	7	05	10	53.7
2009	3	14	01	56	59.3
2009	3	14	14	18	17.8
2009	3	14	14	20	39.3
2009	3	20	19	39	26.7
2009	4	11	01	57	44.5
2009	4	11	12	45	57.8
2009	4	12	17	09	59.0
2009	4	14	08	48	23.1
2009	4	19	07	37	49.1
2009	4	20	04	11	8.2
2009	4	24	04	53	46.6
2009	4	29	01	47	39.1
2009	4	30	11	02	59.7
2009	5	2	12	24	33.0
2009	5	3	05	37	27.1
2009	5	4	12	13	17.7
2009	5	5	11	34	48.6
2009	5	5	19	33	47.2
2009	5	9	00	39	29.7
2009	5	9	17	36	21.6
2009	5	12	14	05	12.1
2009	5	13	11	12	6.5
2009	5	15	11	06	47.2
2009	5	19	06	22	5.4
2009	5	19	07	41	0.6
2009	5	23	08	40	16.5
2009	5	26	11	50	44.9
2009	6	3	07	45	19.7
2009	6	9	16	55	51.7
2009	6	10	03	50	32.8
2009	6	14	17	11	44.8
2009	6	15	08	23	32.6
2009	6	17	10	47	34.5
2009	6	24	05	13	18.5
2009	7	9	00	52	1.3
2009	7	10	16	57	42.2
2009	7	12	19	11	2.0
2009	7	13	10	22	35.0
2009	7	23	01	57	28.3
2009	7	25	02	57	32.4
2009	8	8	20	29	27.4
2009	8	9	17	44	16.1
2009	8	9	19	02	54.2
2009	8	10	00	43	3.7
2009	8	11	01	27	28.0
2009	8	23	21	01	10.6
2009	8	28	09	10	26.1
2009	9	2	14	24	20.1
2009	9	5	09	42	48.8
2009	9	10	15	09	58.3
2009	9	11	02	13	57.2
2009	9	11	22	33	1.2
2009	9	20	02	42	30.6				