46.13	25.88	1289
45.982	25.339	623
45.93	22.88	353
45.826	21.69	190
46.92	17.63	600
47.192	17.2	433
48.159	19.79	720
48.403	18.877	1009
49.88	17.475	780
49.97	12.392	585
50.4	7.325	588
50.62	7.2	150
39.235	-1.064	514
39.896	0.686	33
42.6	11.93	800
42.9	11.63	1738
42.899	11.769	891
42.753	11.943	575
42.862	12.266	466
42.65	12.3	0
42.57	12.82	0
42.43	12.93	650
42.15	13.08	0
42.367	12.188	1053
42.17	12.22	612
41.58	13.33	0
41.3	13.93	1066
40.92	15.67	1330
40.8	13.42	139
40.9	12.95	283
40.58	8.67	0
38.58	14.85	962
38.58	14.55	773
38.55	14.33	675
38.72	13.18	248
37.117	14.821	825
35.87	12.87	195
40.978	13.663	0
39.5	24.18	0
39.033	22.8	900
37.75	23.5	530
37.48	23.43	80
36.995	25.046	282
36.852	27.251	430
38.931	42.833	4033
39.104	43.426	2145
39.032	43.66	3100
36.767	36.6	486
37	36.083	424
37.72	30.492	0
40.005	41.675	2089
41	43.467	0
40.97	43.07	3192
42.45	44.25	3750
41.067	43.75	2251
40.2	44.15	3300
40.058	45.608	3047
39.617	46.1	2400
42.404	44.004	1904
13.508	41.779	1554
11.63	41.45	875
6.864	37.847	2156
6.712	38.085	1636
5.967	37.629	1650
4.063	37.488	1111
12.88	41.62	1041
12.7	41.58	1191
12.551	41.503	1126
12.718	41.396	1037
12.75	41	0
12.387	40.366	1321
12.408	41.06	1548
12.519	41.19	934
11.75	40.9	0
11.98	41.35	0
12.274	42.044	881
12.197	42.135	583
12.45	42.166	582
8.53	38.85	2989
7.92	39.27	4005
7.88	38.6	2090
6.95	38.07	2205
4.47	36.87	600
12.171	41.396	1242
11.55	42.133	1301
11	36.833	2500
-3.07	37.35	5881
-8.624	33.583	1690
-8.75	33.8	2179
-8.976	33.38	1568
2.75	36.93	2285
2.964	37.104	1056
3.5	37.75	1300
0.25	36.08	1100
-0.08	35.83	2550
-1.8	36.38	1169
-2.6	36.1	2942
-2.88	36.22	2942
-2.87	35.95	2600
-3.052	35.817	3627
-3.18	35.42	2865
-3.17	35.57	2376
-2.12	37.4	0
-3.3	36.22	2136
-4.23	35.82	2415
2.9	36.55	0
-2.92	35.83	3220
-3	35.65	3099
-4.43	35.4	3418
-2.32	28.75	1460
-1.463	29.419	4387
-1.388	29.592	3605
0.2	6.58	2024
4.608	9.292	600
5.03	9.83	2411
7.25	13.67	1230
10.75	12.088	930
9.5	9	1177
27.25	17.5	1200
24.906	17.772	470
18.27	9.33	0
14.77	-17.4	0
33.33	-6	0
33.17	-3.33	1500
35.07	-2	444
35.28	-1.45	480
32	13.25	850
26.814	9.638	0
33.67	-5.17	1785
34.53	-3.3	700
33.47	-2.97	700
33.75	-2.4	1200
32.92	-1.85	1388
21.22	18.52	2650
20.539	18.29	3325
36.536	40.858	516
37.13	41.85	693
35.843	40.617	404
35.708	39.966	473
34.02	38.68	775
33.75	38.68	781
27.408	37.279	1700
18.024	42.092	331
26.98	42.4	0
18.515	42.051	761
29.375	57.55	2400
33.95	67.92	3800
34.25	67.97	3190
35.583	47.8	0
29.1	62.8	2333
36.321	47.25	2506
31.343	57.517	500
30.33	55.5	0
28.152	59.281	0
33.25	67.92	3000
33.33	67.85	4559
31.333	60.126	0
-12.3	43.72	790
-12.2	44.45	1595
-21.08	55.48	3070
-20.32	57.65	826
-19.7	63.42	396
-35.75	174.27	397
-38.42	176.33	592
-38.42	176.08	897
-35.418	178.652	-1150
-35.5	178.875	-1100
-35.285	178.863	-1250
-35.169	178.902	-780
-35.21	178.978	-1250
-34.709	178.545	-1060
-34.776	178.505	-650
-34.775	178.579	-700
-34.576	179.262	-1000
-34.077	179.576	-995
-33.729	179.827	-340
-33.411	179.953	-2400
-33.159	-179.957	-560
-32.617	-179.624	-660
-32.388	-179.591	-1840
-46.572	166.898	275
-37.37	174.92	314
-35.9	175.12	134
-36.2	175.12	722
-36.62	175.82	230
-36.97	176.08	0
-37.25	175.78	795
-37.865	174.802	748
-37.993	175.098	956
-38.066	175.25	447
-39.17	173.97	684
-39.23	174.02	1399
-37.855	176.974	352
-38.08	176.27	757
-38.27	176.27	840
-38.35	175.75	1165
-38.98	175.7	1327
-37.547	176.98	0
-38.079	175.295	203
-38.019	175.576	793
-37.833	176.1	200
-28.831	-177.826	-140
-28.218	-177.692	-875
-27.857	-177.621	-260
-27.468	-177.506	-1200
-27.2	-177.41	-900
-26.81	-177.4	-640
-26.39	-177.26	-850
-25.15	-177.18	-905
-25.418	-177.103	-156
-24.58	-176.924	-552
-24.475	-176.923	-316
-24.178	-176.887	-704
-23.878	-176.788	-1114
-23.581	-176.663	-508
-21.804	-175.941	-800
-22.061	-176.21	-500
-22.096	-176	-173
-22.219	-176.124	-497
-22.337	-176.21	274
-22.459	-176.351	-820
-22.632	-176.399	-229
-22.846	-176.43	-39
-22.981	-176.387	-962
-20.154	-175.163	-393
-19.438	-174.952	-331
-18.163	-174.181	21
-15.956	-173.782	141
-16.2	-173.92	-269
-16.655	-173.773	-12
-16.968	-173.848	-39
-17.231	-173.962	-95
-17.551	-174.154	-53
-17.842	-174.197	-226
-15.102	-173.677	-1286
-15.005	-173.793	-1855
-15.122	-173.549	-677
-14.061	-170.084	-57
-13.764	-170.235	-1814
-13.746	-170.543	-2665
-14.518	-170.024	-79
-14.371	-170.174	-515
-14.407	-171.221	-883
-13.275	-176.206	146
-17.8	179.42	335
-18.02	179.3	760
-17.45	-179.15	0
-17.52	-178.72	0
-18.95	-178.95	0
-3.2	144.1	609
-3.39	144.404	58
-4.78	146.23	692
-5.117	146.952	298
-5.32	147.58	1372
-3.356	144.208	0
-5.67	148.4	1524
-4.547	149.113	307
-5.345	149.94	988
-5.558	150.407	1277
-4.953	151.385	904
-4.888	149.143	579
-5.22	150.07	555
-5.9	143.15	3568
-6.581	145.091	2950
-7.05	145.858	3384
-6.02	143.15	3700
-6.13	142.73	2650
-6.58	142.82	2397
-6.8	143.08	500
-7.32	143.28	400
-5.78	143.75	3900
-5.77	144.03	3765
-6.05	143.88	4368
-6.23	144.03	3465
-6.75	144.02	2254
-6.25	144.83	2667
-6.57	144.77	2561
-6.92	144.58	1850
-6.97	144.68	1583
-7.45	144.35	328
-9.17	149.17	1726
-2.97	152.043	607
-3.5	153.22	472
-5.835	154.935	2175
-5.7	154.95	2040
-6.02	155.192	1567
-6.15	155.35	600
-7.67	156.6	760
-7.08	157.03	960
-7.97	157.08	1760
-8.47	157.33	1050
-8.55	158.07	500
-8.67	158	1040
-8.78	158.18	840
-13.53	167.32	764
-13.85	167.68	411
-14.32	167.8	125
-16.47	168.23	544
-17.57	168.37	500
-18.7	169.08	886
-17.063	168.381	629
-18.85	169.12	802
-18.85	169.05	758
-19.42	169.45	552
-17.292	168.575	-551
-9.717	143.833	171
-15.23	145.03	420
-15.87	144.83	610
-17.3	145.72	1160
-18.85	145.8	840
-19.73	144.2	1000
-19.82	145.08	840
-20.35	144.25	0
-25.58	151.87	330
2.156	98.934	1503
-2.274	101.483	2151
-3.224	102.205	1738
-3.308	102.256	1629
-4.437	103.671	1900
-5.505	105.093	1575
5.82	95.28	617
5.2	96.18	0
5.17	96.43	0
5.15	96.67	0
5	96.57	0
4.65	96.78	0
4.47	96.82	1930
4.62	97.42	0
4.813	96.82	2885
3.85	97.664	2245
3.288	98.351	1782
3.222	98.627	1499
3.12	98.63	0
3.02	98.9	1509
1.96	98.968	1669
-0.35	100.2	1724
-1.245	103.523	38
-2.503	101.858	2916
-4.83	104.08	1643
-4.92	104.15	2232
-5.25	105.65	300
3.237	98.433	1908
3.204	98.564	1969
5.43	95.77	730
-0.32	100.67	2262
-1.7	101.42	2732
-1.755	101.627	1789
-3.967	103.643	1422
-4.2	103.85	1619
-5.427	104.675	2079
-7.213	107.637	2184
-7.132	107.639	2307
-7.269	107.973	1796
-8.067	112.733	662
-7.739	113.58	507
-6.62	106.37	1297
-6.72	106.45	1929
-6.846	106.563	1741
-6.897	107.041	1213
-7.156	107.529	2042
-7.03	108.13	1721
-6.68	111.52	806
-7.72	113.85	1250
-7.053	107.908	1235
-5.93	106.07	595
-6.5	106.57	613
-6.768	106.526	1732
-6.58	107.22	1291
-7.32	107.63	2182
-7.4	107.78	1831
-7.322	107.86	2784
-7.058	107.864	1631
-6.958	107.95	1651
-7.12	108.03	1676
-7.18	108.27	1764
-7.83	112.35	1083
-7.77	112.43	2198
-7.074	107.943	1195
-8.68	120.48	1675
-8.479	122.761	881
-8.226	114.653	1359
-8.261	114.817	1390
-8.377	115.654	1142
-8.47	116.13	1490
-8.362	118.497	1602
-8.483	118.924	1423
-8.68	119.12	1000
-8.42	119.32	363
-8.72	119.42	518
-8.75	119.67	668
-8.62	119.97	1153
-8.58	117.122	1824
-8.704	118.161	755
1.23	124.83	1202
-5.35	119.92	2871
3.911	125.39	126
4.048	125.345	0
4.232	125.329	239
4.684	125.468	109
4.675	125.088	-1874
1.62	127.82	1204
4.383	117.95	1077
2.75	114.67	0
2.35	114.1	0
2.33	113.67	0
1.02	109.93	1701
4.6	118.18	0
6	121.125	811
7.654	124.438	2280
8.77	124.98	2450
9.593	125.52	664
6.958	124.23	1198
6.58	124.62	652
7.285	124.662	1167
7.68	123.23	700
7.58	122.97	0
8.388	123.63	1532
9.932	125.27	687
10.483	125.122	903
11.108	124.75	1350
11.07	124.78	900
11.8	124.33	924
10.594	125.101	796
11.013	124.812	1302
11.404	124.509	628
14.527	120.482	1388
14.72	120.4	1253
15.2	120.742	1026
15.825	120.742	369
16.33	120.55	2260
12.6	123.997	559
13.416	123.608	1548
13.52	123.53	0
13.92	123.02	959
14.02	122.792	1544
13.53	121.078	364
13.723	120.893	501
14.95	121.23	963
13.9	121.18	358
14.13	120.75	656
14.4	120.58	173
20.38	121.93	459
20.78	110.17	259
14.733	108.483	800
11.617	108.017	1000
10.833	107.283	392
22.28	95.1	385
22.7	95.98	507
21.05	109.13	0
19.45	105.53	0
17.08	107.05	0
13.883	107.4	0
13.85	108.1	1028
12.88	108.2	0
11.67	106.67	0
12.9	102.6	0
12.1	105.6	0
11.9	105.82	0
12.1	106.4	0
12.05	107.25	0
15.142	106.45	1350
15	103	0
12.5	102.2	0
18.3	99.6	0
19.8	100	0
20.3	100.3	0
3.886	103.365	10
11.72	98.67	115
17.42	96.95	30
25.68	96.43	508
17	112.5	0
13.75	107.092	500
24.83	121.28	347
25.08	121.85	729
25.424	121.946	51
25.484	122.106	29
25.63	122.08	120
29.879	129.625	301
25.919	123.682	117
29.904	129.541	452
30.825	129.94	622
31.731	130.451	677
31.799	130.411	218
31.819	130.463	509
31.872	130.608	703
32.042	130.767	0
33.053	129.083	143
33.199	129.051	95
32.984	130.079	1076
32.811	130.641	665
33.169	131.221	800
33.228	131.133	1140
33.284	131.319	1236
33.58	131.604	720
33.718	131.669	267
33.695	130.233	8
33.738	129.712	213
30.036	130.058	27
33.974	130.866	104
34.098	131.761	504
34.189	131.844	790
34.186	131.76	661
34.271	131.669	390
34.459	131.798	908
35.061	132.431	808
35.201	133.267	967
35.41	133.182	180
35.493	133.174	42
35.338	133.422	301
35.368	133.549	1729
35.437	134.444	1310
35.343	134.922	350
34.604	138.832	106
34.71	138.786	520
34.907	138.852	1035
34.952	138.843	982
34.924	138.968	608
34.968	139.063	592
35.078	139.031	798
35.173	139.029	1004
35.238	138.794	1504
35.8	138.513	1764
35.968	138.373	2899
36.1	138.2	1925
36.223	138.111	2034
35.59	137.505	606
35.802	137.284	1067
35.937	136.974	1672
35.936	136.795	1386
35.998	136.841	1709
36.046	136.8	1786
36.054	136.743	1691
36.043	136.625	1671
36.15	136.5	1369
36.528	136.75	548
36.2	137.502	1831
36.286	137.651	3190
36.364	137.611	2755
36.471	137.599	2465
36.786	137.802	2469
36.834	138.278	1382
36.81	138.13	2053
36.736	138.137	1917
36.717	138.247	745
36.551	138.226	659
36.43	138.39	2227
36.408	138.649	1757
36.541	138.412	2323
36.626	138.461	2160
36.796	138.407	1351
36.974	138.386	1289
36.895	138.489	1650
36.836	138.587	2038
36.843	138.694	2145
36.953	138.836	1112
37.075	138.833	749
36.589	139.001	1296
36.687	139.34	2144
36.772	139.279	1541
36.802	139.136	2158
36.895	139.243	1969
36.88	139.375	2141
36.808	139.54	2483
37.243	139.97	1544
37.321	140.018	1108
37.341	139.237	1585
37.395	139.14	1537
37.454	139.688	729
37.617	140.011	1404
38.082	140.611	820
38.22	140.176	994
38.196	140.48	1485
38.218	140.654	0
38.299	140.527	1366
38.453	140.623	1500
38.546	140.03	1984
38.75	140.52	657
38.83	140.695	769
38.965	140.61	1348
39.018	140.523	1004
39.161	140.832	1548
39.718	140.665	249
39.804	140.734	1254
39.802	140.842	1478
39.897	140.781	1300
39.974	140.547	1454
39.931	139.879	355
40.066	141.109	1063
40.426	140.412	1178
40.57	140.73	985
41.436	141.056	781
35.504	134.678	460
40.41	140.255	1158
36.898	139.579	1322
33.725	139.408	-321
29.482	140.327	-1042
29.306	140.471	-1095
29.064	140.537	-814
28.084	140.802	-838
22.546	142.863	-481
21.399	143.626	-1325
21.409	144.161	-551
21.023	144.525	-301
20.81	144.704	-804
19.406	145.468	-2800
19.223	145.524	-2830
34.469	139.297	209
34.045	139.387	114
33.648	139.302	74
13.65	144.42	-900
43.267	143.1	1401
41.54	140.375	855
41.757	140.708	333
41.737	140.855	-30
41.849	141.097	691
41.935	140.775	1167
42.12	140.45	356
42.193	139.468	428
42.611	139.944	1520
42.433	141.007	911
42.901	140.473	1212
43.08	140.82	725
42.767	140.916	1107
42.563	141.091	1231
42.631	141.146	1322
42.863	141.257	1251
42.898	141.204	1294
43.525	142.852	2141
43.589	142.898	1963
43.777	142.989	1883
43.776	143.016	1796
43.61	143.184	1336
43.52	143.237	1635
43.52	143.15	700
43.376	143.133	1291
43.498	144.408	554
43.681	144.736	1063
43.676	144.886	1006
43.763	144.722	1545
43.874	144.881	1419
43.991	145.017	1331
44.23	145.278	1254
41.355	139.811	282
45.25	148.3	442
44.584	147.174	907
45.4	148.58	853
45.95	150.05	1031
46.15	150.23	1120
46.192	150.369	847
46.721	150.733	0
46.964	152.07	614
48.75	154.02	828
49.75	154.75	0
49.72	154.12	35
49.785	154.429	1136
51.1	156.72	503
51.65	157.35	900
51.75	157.27	892
51.88	157.38	562
52.113	157.849	1322
52.146	157.322	719
52.221	157.435	814
52.263	157.787	858
52.8	158	1200
54.92	160.63	2020
55.84	161.849	574
55.82	157.98	1802
55.88	157.78	1906
55.43	158.65	1956
55.637	158.368	2004
55.65	158.8	1442
56.08	158.38	1692
56.37	158.37	915
56.33	158.67	1170
56.32	158.83	1828
56.37	159.03	1554
56.4	158.85	1377
56.57	158.52	1046
56.52	159.53	1400
56.82	159.67	1778
56.85	159.8	1427
56.88	159.95	1349
56.97	159.78	1244
57.1	159.93	1527
57.13	160.4	965
57.306	159.827	1318
57.32	159.967	1516
57.47	160.25	1641
57.45	160.37	2525
57.702	160.418	1822
57.706	160.59	1607
57.8	160.67	1582
57.83	160.25	1255
57.88	160.53	2080
58.02	160.8	2169
58.08	160.77	2300
58.2	160.97	2169
58.4	161.08	1340
51.116	156.892	708
51.191	156.939	681
51.3	156.58	1032
51.4	156.57	754
51.616	156.809	1142
51.663	156.928	1050
51.753	157.063	1038
51.787	156.929	997
51.82	157.22	925
51.93	157.73	0
51.93	157.6	792
51.93	157.18	968
51.95	157.02	740
52.02	156.88	707
52.02	157.18	1005
52.13	157.78	0
52.16	157.64	1052
52.21	157.28	901
52.28	156.73	0
52.287	157.655	850
52.37	157.62	877
52.5	157.2	891
52.63	156.97	1194
52.55	157.73	1118
52.918	157.72	1446
53.12	157.6	0
53.38	158.67	2319
53.5	158.65	0
53.584	158.56	1350
53.6	158.7	1812
53.72	159.22	0
54.02	158.57	0
54.13	158.45	0
54.25	158.48	0
53.8	159.28	1684
53.87	159.53	1389
53.95	159.33	1199
54.02	159.38	0
54.37	159.43	0
54.63	159.72	2131
54.688	159.483	1502
55.13	160.9	0
55.319	160.667	2059
55.23	160.97	0
55.08	160.53	1912
55.2	160.52	1711
55.37	160.87	2197
55.53	160.78	1893
55.75	161.18	2399
55.23	160.587	1857
55.33	159.95	1591
56.38	160.83	760
56.425	160.825	1410
56.53	160.87	200
56.667	161.708	1356
57.23	161.52	0
57.27	161.35	0
57.83	162.68	1211
58.03	161.62	0
55.35	157.1	1018
55.45	157.25	1505
55.43	157.37	1174
55.85	157.87	1727
55.97	157.63	1264
55.25	158.18	1438
55.52	158.43	2140
55.62	158.15	2136
55.6	158.52	1672
55.73	158.77	1821
55.88	158.83	1821
55.83	158.32	1790
56.08	157.75	1105
56.4	158.7	1477
56.48	158.83	1120
56.53	158.8	1205
56.55	158.65	1190
56.68	158.47	1230
57.05	158.37	1521
56.97	158.75	0
56.98	158.98	732
56.812	159.111	1362
56.57	159.35	1328
56.47	159.77	1858
56.8	159.45	1247
56.92	159.42	1391
56.78	159.75	1925
56.82	159.88	1631
56.93	159.95	0
56.93	159.73	1206
57.321	160.48	1151
57.48	159.57	1001
57.53	160.339	1646
57.65	160.43	1762
57.75	160.23	1395
57.78	160.62	1445
57.72	160.37	1345
57.92	160.65	2618
58.05	160.73	1887
58.23	161.1	1545
67.154	165.82	1560
65.959	145.893	993
50.52	103.25	1500
51.4	102.5	2369
52	102.5	0
51.25	96.5	1300
51.33	99.33	1922
48.65	103.5	0
44.85	107.63	1167
42.58	107.5	1162
42.33	105.98	1217
43.4	104.02	1752
44.25	103.53	1527
42.8	102.08	1445
44.38	101.98	1640
51	101	0
47.896	103.054	1600
35.85	91.7	5400
35.47	82.92	6900
31.95	118.95	0
33.12	118.75	0
40	113.28	1882
44	115.5	0
48.056	126.261	416
23.3	116.15	0
24.5	117.5	0
34	113	0
35.25	114.5	0
36	115.25	0
38	117.5	0
37	114.5	0
38	113.75	0
38.75	115	0
39.25	113.52	0
42.25	118.5	0
49.617	123.717	906
48.891	125.615	399
43.163	127.939	826
43.33	125.25	389
43.75	125.17	283
40.75	124.67	513
41	129.7	0
38.67	127.42	680
52.05	-174.95	560
54.765	-163.723	2446
51.988	-176.592	610
54.25	-165.65	818
55.565	-161.944	775
57.72	-156.847	541
58.034	-156.146	437
58.474	-154.306	1955
58.55	-154.5	1298
60.68	-152.62	1239
60.02	-166.33	511
63.6	-170.43	673
56.58	-169.58	288
59.2	-160.08	300
62.22	-164.3	188
66.033	-160.067	365
66.35	-164.33	243
62.213	-144.13	4959
62.13	-143.08	2755
63.716	-141.634	1245
62.43	-144.12	2356
63.966	-148.685	1369
62.12	-144.63	3661
62.3	-143.52	2816
62.024	-143.619	4112
58.03	-136.33	100
62.4	-143.147	2172
52.417	-124.617	1923
52.742	-124.458	1798
59.02	-131.15	1950
58.52	-129.6	1972
57.88	-130.2	1980
56.15	-126.7	2020
55.43	-129.37	0
52.667	-124.833	2371
51.45	-122.33	1800
49.65	-123.22	790
50.15	-119.62	2100
52.5	-121.17	1646
46.713	-121.352	1932
46.5	-121.4	2494
46.109	-122.129	1255
46.1	-120.9	1775
43.472	-120.754	1711
43.361	-120.669	1501
45.3	-122.5	1236
45.649	-121.723	1512
45.496	-121.796	1362
45.066	-121.658	1707
44.82	-121.75	2199
44.48	-121.842	2390
44.4	-121.63	1962
44.332	-121.837	2376
44.266	-121.749	2210
44.241	-121.915	1864
44.099	-121.541	1955
44.08	-121.7	2797
43.924	-121.825	1921
43.851	-121.975	2101
43.805	-122.018	1775
43.819	-121.871	2060
43.77	-121.77	1590
43.731	-122.11	1879
43.659	-122.103	2177
43.627	-121.965	2383
43.51	-122.03	2118
43.4	-122.054	2336
43.31	-121.979	2253
43.681	-121.034	2004
43.629	-120.899	1885
43.392	-121.142	1712
43.521	-122.148	2665
43.153	-122.065	2799
43.155	-122.219	2551
42.788	-122.154	2213
42.703	-122.194	2024
42.552	-122.201	1986
42.5	-121.5	1300
42.52	-122.13	2449
42.445	-122.315	2894
42.365	-122.27	2228
43.4	-119.5	1375
43	-117.8	1700
43.001	-117.422	1447
42.32	-122.08	2502
42.606	-117.589	1418
41.178	-121.445	1168
40.777	-121.591	1631
40.731	-121.841	1535
40.68	-121.55	2191
40.63	-120.83	1652
36.358	-118.32	2886
36.03	-117.82	2400
34.75	-116.625	1495
41.97	-122.33	975
41.722	-122.22	2528
41.528	-122.14	2605
41.474	-121.956	2323
41.67	-121.17	1703
40.955	-121.365	1259
40.87	-121.49	1337
40.806	-121.628	2397
40.763	-121.798	2077
40.698	-121.619	2647
40.775	-121.191	2220
40.63	-121.43	1532
40.608	-121.709	2054
40.6	-121.15	2309
40.571	-121.594	2036
40.557	-121.55	2097
40.45	-122	813
40.453	-121.347	2328
40.416	-121.412	2149
40.3	-121.62	2123
40.341	-121.943	945
39.206	-121.821	645
37.7	-118.87	3390
37.05	-118.25	1950
35.5	-117.5	1510
35.27	-115.75	1509
34.55	-115.78	288
33.9	-115.63	600
43.25	-116.62	1012
43.2	-115.98	1040
43.45	-112.83	0
42.85	-111.75	2185
43.78	-111.97	1713
44.43	-110.67	2805
41.8	-108.9	0
40.35	-117.3	1750
39.375	-119.72	1415
38.32	-118.88	2365
38.48	-115.97	2255
37.82	-117.62	1490
36.77	-116.55	1127
41.8	-119.1	0
37.257	-113.625	1465
37.328	-112.408	2135
37.33	-113.12	2727
38.58	-112.67	2770
39.434	-112.857	1555
39.616	-112.803	1609
31.98	-107.13	1695
33.53	-106.87	1555
34.42	-107.2	2395
35.33	-107.45	3460
34.83	-106.83	1750
35.12	-106.75	1800
35.908	-106.517	3441
36.83	-105.83	3087
36.12	-104.75	3000
36.42	-104.08	3350
39.97	-106.7	2402
39.662	-107.17	3061
32.8	-113.2	160
34.192	-109.629	3091
33.25	-110.25	1000
32.5	-109.25	1300
45.3	-130.1	-1985
41.78	-127.109	-3300
41.404	-127.38	-3000
51.38	-131.03	-1400
53.3	-135.65	-30
21.822	-158.772	-1200
20.08	-155.72	1668
20.57	-156.57	450
20.17	-156.42	-1080
20.88	-156.6	1764
20.82	-156.85	1021
21.12	-156.87	1506
21.15	-157.17	418
21.37	-157.8	941
21.52	-158.15	1220
22.07	-159.5	1668
21.95	-160.08	390
21.67	-160.55	194
-9.78	-139.03	1067
-10.47	-138.65	955
-17.552	-149.823	1138
-17.696	-149.523	1631
-17.798	-149.237	1169
-18.9	-159.77	124
-21.23	-159.75	639
-22.45	-151.35	394
-25.068	-130.113	313
-49.684	178.781	359
-50.457	-139.154	-594
30.467	-116.012	260
27.47	-112.591	1934
30.227	-114.655	280
27.633	-113.05	1500
27.554	-112.552	1274
27.508	-112.392	1300
26.517	-111.444	131
26.28	-111.47	790
29.63	-109.52	0
27.75	-104.42	1900
22.83	-100.08	1550
22.35	-100.7	2035
21.47	-104.97	2240
21.531	-104.729	1680
21.371	-104.571	1120
21.27	-104.7	2020
21.17	-104.73	2000
20.83	-104.82	1780
20.33	-104.5	2080
20.75	-104.5	1700
20.788	-103.847	2920
20.88	-103.4	1820
20.62	-103.52	2270
20.525	-103.242	2160
20.45	-103.57	1990
19.72	-103.63	2920
19.85	-100.63	3400
19.411	-98.713	4120
19.37	-98.72	4080
19.97	-98.2	3020
19.62	-97.93	3050
20.42	-97.83	2250
18.303	-94.73	1250
16.716	-92.786	0
16.743	-92.694	2744
16.447	-92.539	1750
23.2	-98.02	600
22.58	-99.38	520
19.75	-98.5	3100
14.71	-91.479	3542
14.889	-91.398	3029
14.55	-90.78	2282
14.199	-90.505	1939
14.25	-90.4	1640
14.161	-90.286	1675
14.42	-90.12	1409
14.647	-90.144	2116
14.5	-89.733	1358
14.82	-91.62	3370
14.656	-91.267	3020
14.694	-89.993	2174
14.9	-89.93	386
14.27	-89.62	768
13.275	-87.845	1225
13.229	-87.767	505
16.113	-86.888	51
14.2	-89.4	1005
14.07	-89.4	782
14.05	-89.13	420
13.75	-88.2	1500
13.25	-88.15	750
13.435	-87.999	613
13.67	-87.82	377
13.295	-87.761	158
13.559	-88.364	804
13.19	-87.72	468
13.92	-87.15	2020
13.95	-87.23	1725
14	-87.18	1280
14.1	-87.27	1593
14.6	-87.87	0
11.446	-85.515	1394
12.549	-83.968	203
12.58	-86.6	181
11.92	-86.03	600
12.37	-86.02	300
10.97	-84.08	648
10.472	-85.07	402
10.451	-84.978	634
10.403	-84.675	1357
10.35	-84.67	789
10.022	-84.708	414
10.97	-84.35	190
10.462	-83.855	136
10.658	-83.721	229
10.586	-83.53	119
10.376	-83.545	311
9.374	-83.302	3257
5.53	-87.082	575
8.88	-82.67	2986
8.47	-80.82	1297
5.65	-74.961	1163
5.514	-75.043	1620
1.624	-76.827	3576
4.8	-75.458	4584
4.701	-75.386	4756
2.2	-76.03	2500
1.92	-76.23	1900
1.83	-76.45	4300
1.568	-76.857	4180
0.484	-78.329	4535
0.526	-78.365	4254
0.364	-78.351	4939
0.127	-78.154	3989
0.711	-77.784	3624
0.687	-78.021	3967
0.621	-78.007	3870
-0.076	-78.207	4076
-0.036	-78.48	3501
-0.174	-78.2	4348
-0.259	-78.418	3185
-0.462	-78.478	4199
-0.43	-77.72	3482
-0.534	-78.371	4893
-0.578	-78.504	4712
-0.528	-78.658	4786
-0.648	-78.631	3945
-0.962	-78.56	3512
-1.151	-78.666	4153
-1.381	-78.572	3732
-1.459	-77.917	1072
-1.404	-78.75	5102
-1.49	-78.639	4430
-1.634	-78.728	3215
-1.67	-78.42	5321
-0.804	-78.3	4812
1.62	-92	168
1.37	-91.8	253
-0.413	-90.708	338
-0.6	-90.68	458
-0.806	-90.07	200
-1.3	-90.45	640
0.27	-91.63	67
-13.58	-71.72	0
-15.23	-72.63	5498
-15.4	-72.9	6093
-17.32	-69.9	5315
-20.85	-68.2	5543
-21.3	-68.18	5868
-21.787	-68.237	5846
-21.981	-68.071	5618
-21.888	-68.391	6142
-23.52	-67.662	4576
-24.18	-68.25	3500
-27.3	-69.13	6052
-17.87	-69.48	5340
-17.92	-68.92	5750
-16.236	-69.471	4080
-18.05	-69.03	5300
-18.1	-68.88	6542
-18.02	-69.08	5580
-18.07	-69.22	0
-18.241	-69.307	4688
-18.37	-69.05	6052
-18.75	-69.05	5597
-18.8	-68.3	5300
-19.5	-69.12	5240
-19.55	-68.68	5365
-19.958	-68.73	5190
-20.52	-68.68	5145
-20.643	-68.439	5299
-21.22	-68.47	6176
-21.25	-67.75	4980
-21.5	-68.12	5630
-21.68	-68.12	5473
-21.6	-66.88	4000
-21.68	-67.47	4250
-21.88	-67.9	5125
-22.05	-67.97	5680
-22.059	-68.228	5946
-22.142	-68.108	5754
-22.27	-67.97	5651
-22.18	-67.95	5680
-22.08	-67.77	5750
-22.25	-67.42	5730
-21.98	-67.23	5899
-22.27	-67.18	6008
-22.42	-68.02	5314
-22.33	-67.97	5100
-22.439	-67.888	5808
-22.82	-67.18	5643
-23.02	-67.05	5770
-23.17	-67.07	5394
-23.13	-67.37	5343
-23.2	-67.67	5318
-23.23	-67.75	5029
-23.252	-67.71	5464
-23.398	-67.582	5067
-23.46	-67.81	5638
-23.555	-67.764	5774
-23.67	-67.72	5613
-23.818	-67.5	5314
-24.03	-67.53	5689
-24.02	-67.85	5216
-24.45	-68.4	0
-25.25	-68.63	4500
-25.37	-68.88	5480
-26.4	-68.75	5920
-26.919	-68.263	6032
-27.08	-68.8	6620
-27.27	-69	6250
-24.309	-66.732	6134
-24.2	-66.5	4950
-24.75	-66.17	0
-25.55	-67.92	6409
-25.93	-66.92	6000
-26.18	-68.37	6049
-27.9	-68.8	5750
-26.294	-80.112	159
-33.658	-78.85	922
-33.427	-76.87	-642
-26.47	-105.47	15
-33.763	-80.811	1266
-36.638	-70.432	4702
-36.739	-69.834	1435
-38.301	-71.108	2186
-38.509	-70.898	2448
-40.768	-71.943	1897
-33.359	-69.77	6570
-33.52	-69.83	6019
-34.67	-69	0
-35.75	-69.25	1876
-35.78	-70.48	3140
-34.987	-70.456	3349
-35.58	-68.489	3791
-37.738	-68.924	2243
-38.58	-71.58	2554
-38.679	-70.814	2017
-39.17	-71.4	1846
-39.35	-71.55	0
-39.68	-72.008	1632
-41.363	-72.005	1846
-46.17	-72.708	681
18.78	-72.28	831
18.68	-72.08	0
18.87	-71.33	0
18.75	-70.92	0
18.83	-70.67	0
17.33	-62.77	900
17.508	-62.992	0
16.81	-62.194	403
16.759	-62.196	741
16.23	-61.72	744
16.12	-61.7	1354
16.12	-61.75	420
15.97	-61.68	687
15.87	-61.63	274
15.27	-61.28	960
14.7	-61.12	1196
14.65	-61.08	0
13.292	-61.2	1074
13.22	-61.208	1021
64.02	-21.17	497
64.15	-20.9	404
64.32	-20.3	700
64.93	-20.53	1188
64.53	-20.7	1350
64.62	-20.88	1141
64.77	-20.4	1675
64.73	-19.72	1396
64.492	-19.87	1204
64.42	-19.5	0
63.839	-18.932	956
64.164	-18.496	983
64.781	-17.21	1436
64.97	-16.48	941
65.18	-16.35	1682
65.42	-17.03	988
65.43	-16.85	1222
65.55	-16.65	953
65.5	-15.67	1035
65.775	-16.88	882
65.867	-17.133	840
79.17	13.5	1100
79.33	13.5	834
79.43	13.3	506
39.699	-31.111	718
16.85	-24.97	725
17.07	-25.17	1979
16.62	-24.35	1270
-20.514	-29.331	600
-20.47	-28.85	175
-37.303	-12.699	563
-40.32	-9.93	910
-73.45	164.58	2987
-77.17	-126.88	3292
-73.43	-126.67	3110
-75.8	-115.83	3595
-68.85	-90.58	1640
-65.03	-60.05	368
-66.78	89.3	370
-71.7	170.6	2083
-73.45	165.5	2600
-77.52	168.55	3262
-77.75	166.75	431
-78.17	167.5	762
-78.22	166.33	1041
-78	163.83	0
-78.58	164.37	0
-77.748	161.526	1489
-76	-132.67	2787
-74.458	-131.848	488
-74.424	-132.55	487
-76.767	-117.717	3654
-75.37	-110.67	2703
-71.55	-73.42	1050
-64.28	-62.33	2522
-62.52	-60.02	530
-63.6	-57	730
-66.25	-60.92	360
-76.17	168.38	247
-76.98	167.02	740
-2.095	36.285	1225
-2.131	36.1	1527
-9.26	33.648	1541
-9.112	33.746	2481
30.73	35.75	0
-2.228	101.43	2527
-2.418	101.776	2469
-2.48	102.026	1576
-8.416	118.207	1086
-78.374	165.015	2578