-67.767404 -24.583196
-67.836011 -24.562254
-67.854749 -24.557638
-67.867626 -24.571932
-67.882919 -24.555561
-67.891563 -24.554667
-67.913996 -24.697934
-68.007302 -24.681546
-68.045938 -24.742065
-68.056962 -24.804496
-68.056357 -24.825104
-68.083703 -24.869224
-68.137638 -24.888433
-67.778276 -25.032686
-67.703688 -25.091584
-67.608356 -25.143882
-67.770586 -25.131141
-67.858802 -25.167010
-67.895090 -25.162464
-67.909856 -25.131591
-68.042760 -25.206353
-68.140770 -25.191263
-67.916162 -25.244196
-67.942584 -25.244601
-67.959420 -25.243354
-67.959335 -25.257237
-67.949736 -25.256247
-67.928622 -25.276137
-67.726246 -25.220258
-67.749816 -25.223428
-67.764107 -25.214330
-67.766070 -25.247368
-67.771489 -25.234615
-67.778352 -25.223793
-67.904385 -25.308021
-67.903365 -25.319921
-67.893475 -25.331420
-67.924490 -25.337640
-67.945141 -25.363887
-67.716487 -25.377589
-67.742300 -25.382815
-67.754385 -25.391116
-67.762256 -25.386889
-67.770118 -25.399252
-67.844664 -25.374455
-67.849668 -25.392600
-67.804664 -25.408949
-67.785463 -25.438644
-67.759420 -25.424035
-67.743004 -25.415452
-67.731405 -25.418450
-67.722452 -25.414698
-67.838683 -25.427771
-67.678488 -25.449309
-67.882747 -25.400001
-67.886398 -25.420168
-67.907571 -25.420774
-67.943557 -25.427425
-67.910844 -25.389892
-67.924931 -25.395973
-67.941144 -25.400020
-67.957478 -25.406700
-67.965949 -25.395975
-67.978749 -25.406691
-67.970173 -25.414145
-67.982153 -25.422262
-67.975104 -25.431613
-68.013683 -25.395779
-68.047558 -25.406363
-67.607714 -25.462219
-67.584527 -25.491037
-67.578896 -25.512853
-67.580172 -25.524569
-67.660080 -25.521324
-67.881746 -25.472559
-67.890311 -25.467715
-67.883132 -25.490127
-67.863202 -25.516490
-67.822366 -25.543385
-67.953190 -25.620421
-68.028345 -25.638205
-67.999805 -25.653021
-68.061316 -25.609378
-68.092038 -25.579980
-68.098179 -25.586346
-68.170649 -25.506881
-68.184851 -25.460182
-68.207979 -25.516107
-68.234983 -25.511823
-68.204180 -25.549879
-68.082794 -25.370922
-68.140176 -25.388750
-68.094813 -25.315318
-68.219987 -25.408032
-68.227160 -25.326593
-68.228221 -25.654525
-68.246493 -25.686944
-68.216531 -25.733367
-68.354667 -25.668563
-68.299673 -25.391436
-68.361911 -25.431187
-68.644251 -25.528422
-68.603785 -25.520633
-68.582883 -25.577890
-68.562801 -25.571891
-68.800123 -25.780615
-68.753163 -25.786299
-67.679386 -24.377615
-67.812919 -25.698387
-67.824974 -25.672557
-67.841021 -25.675838
-67.850003 -25.688458
-67.766810 -25.838250
-67.766963 -25.821184
-67.739790 -25.777103
-67.706922 -25.738023
-67.620154 -25.654265
-67.589684 -25.662857
-67.574088 -25.705713
-67.549700 -25.716966
-67.634756 -25.729115
-67.618383 -25.737836
-67.567178 -25.797595
-67.578905 -25.782045
-67.601827 -25.763507
-67.622763 -25.766478
-67.605550 -25.799554
-67.610232 -25.818727
-67.655979 -25.758942
-67.658305 -25.777163
-67.653043 -25.786495
-67.646672 -25.800828
-67.654433 -25.814953
-67.654522 -25.832286
-67.677356 -25.792119
-67.699808 -25.817557
-67.655399 -25.853423
-67.654868 -25.874190
-67.670850 -25.873376
-67.659163 -25.891666
-67.729038 -25.859391
-67.659827 -25.948825
-67.757347 -25.884984
-67.801468 -25.907447
-67.766285 -25.925819
-67.746366 -25.944945
-67.745379 -25.961407
-67.801110 -26.004611
-67.816507 -25.997304
-67.877758 -26.076290
-67.735722 -26.145357
-67.709311 -26.004059
-67.634935 -26.004455
-67.556726 -25.987279
-67.538608 -25.971592
-67.524576 -25.956438
-67.524962 -25.934661
-67.480504 -25.950491
-67.460867 -25.950520
-67.487336 -25.974169
-67.459893 -25.978354
-67.441232 -25.970403
-67.430031 -25.968696
-67.424773 -25.977102
-67.411073 -25.978709
-67.443703 -26.000983
-67.433970 -26.012809
-67.448005 -26.061805
-67.493060 -26.103440
-67.484685 -26.100150
-67.458009 -26.109579
-67.468721 -26.122283
-67.437800 -26.143271
-67.415624 -26.133607
-67.389644 -26.153070
-67.442575 -26.187898
-67.325947 -26.108891
-67.329938 -26.075680
-67.340302 -26.130652
-67.282953 -26.104148
-67.251294 -26.133234
-67.240175 -26.114496
-67.224898 -26.114061
-67.243220 -26.056028
-67.273286 -26.023631
-67.269495 -26.000961
-67.397986 -25.951208
-67.346417 -25.901202
-67.356400 -25.881959
-67.306294 -25.873482
-67.390650 -25.899456
-67.401224 -25.864742
-67.441764 -25.848816
-67.413543 -25.891395
-67.411513 -25.904229
-67.405772 -25.921070
-67.420558 -25.924105
-67.423488 -25.941879
-67.212714 -25.908659
-67.269971 -25.840090
-67.290129 -25.827473
-67.314834 -25.823217
-67.315430 -25.836632
-67.315796 -25.792366
-66.795151 -26.203913
-66.856710 -26.119132
-66.752712 -26.052441
-66.755640 -26.255059
-67.548165 -25.629719
-67.535751 -25.615253
-67.555873 -25.611183
-67.543418 -25.605493
-67.532124 -25.585245
-67.489951 -25.631532
-67.516648 -25.534180
-67.505802 -25.506957
-67.381130 -25.641388
-67.363379 -25.649208
-67.348100 -25.639901
-67.335707 -25.663919
-67.328134 -25.683977
-67.303562 -25.685861
-67.186331 -25.631336
-67.257220 -25.632633
-67.234227 -25.572248
-67.224347 -25.510823
-67.201402 -25.473329
-67.197412 -25.434042
-67.244181 -25.394936
-67.315728 -25.523326
-67.314834 -25.455989
-67.323582 -25.501316
-67.338837 -25.436659
-67.341774 -25.511849
-67.396794 -25.441745
-67.431453 -25.423187
-67.430272 -25.504145
-67.456062 -25.456340
-66.981441 -25.374981
-67.015175 -25.367883
-67.027213 -25.396320
-67.036650 -25.350381
-66.998422 -25.291343
-66.934823 -25.276905
-67.010302 -25.226066
-66.814531 -25.210101
-67.041111 -25.258202
-67.056161 -25.274890
-67.154952 -25.255454
-67.319086 -25.230637
-67.317492 -25.222650
-67.279927 -25.214898
-67.258966 -25.208278
-67.224213 -25.194717
-67.262267 -25.187868
-67.287001 -25.188121
-67.227134 -25.159901
-67.197269 -25.157512
-67.238380 -25.156228
-67.223009 -25.136423
-67.226232 -25.070173
-67.180031 -25.021690
-66.925920 -25.081862
-66.961580 -25.151435
-67.383357 -25.515820
-66.332001 -24.572292
-66.175458 -24.578051
-66.145524 -24.774937
-66.141029 -24.765865
-66.384525 -24.285875
-66.469157 -24.242410
-67.340964 -26.330278
-67.311064 -26.329568
-67.318207 -26.312040
-67.332041 -26.303607
-67.341217 -26.300323
-67.358884 -26.295104
-67.358493 -26.312415
-67.400439 -26.315411
-67.421533 -26.302073
-67.476562 -26.476450
-67.462415 -26.578314
-67.460927 -26.591332
-67.313022 -26.724332
-67.326306 -26.725124
-67.378349 -26.696026
-67.388669 -26.695157
-67.318148 -26.683772
-67.264786 -26.699389
-67.304427 -26.766882
-67.289266 -26.761611
-67.417576 -26.794098
-67.241808 -26.743904
-67.227209 -26.739844
-67.216244 -26.736917
-67.416987 -26.887061
-67.374030 -26.877054
-67.341662 -26.868663
-67.345332 -26.854536
-67.330466 -26.848027
-67.354334 -26.839977
-67.265346 -26.869462
-67.264998 -26.890302
-67.294775 -26.883410
-67.284732 -26.907264
-67.263036 -26.940589
-67.122682 -26.975180
-68.068325 -26.188845
-68.116400 -26.221521
-68.180022 -26.189964
-67.970668 -26.468515
-68.029972 -26.393052
-68.029183 -26.419907
-68.063928 -26.481442
-68.042089 -26.531381
-68.062273 -26.536209
-68.149945 -26.478599
-68.154225 -26.517203
-68.235365 -26.598253
-68.095921 -26.629767
-68.068443 -26.671511
-68.095515 -26.684771
-68.119219 -26.685873
-68.120699 -26.695843
-67.894316 -26.639179
-67.872554 -26.779914
-68.519148 -26.338427
-68.297409 -26.473915
-68.311416 -26.544203
-68.475661 -26.488089
-68.475831 -26.505202
-68.473977 -26.523568
-68.405096 -26.565912
-68.416209 -26.565477
-68.447213 -26.573941
-68.478573 -26.710011
-68.588938 -26.647767
-68.562657 -26.740822
-68.641908 -26.868569
-68.683384 -26.811531
-68.783016 -26.815219
-68.116790 -26.924710
-68.241891 -26.903192
-68.339303 -26.906059
-68.261514 -27.007631
-68.403426 -27.084100
-68.385117 -27.097874
-68.297537 -27.134208
-68.318853 -27.146334
-68.330940 -27.146299
-68.282741 -27.171491
-68.322702 -27.166759
-68.312724 -27.181297
-68.323538 -27.189382
-68.339219 -27.188757
-68.358946 -27.189180
-68.364511 -27.214863
-68.368689 -27.249175
-68.238461 -27.216016
-68.202942 -27.235141
