-66.777645	-25.948918	0.195	2008	1	3	62.2091159848	13.3393082644	-66.8594162025	-26.0437295844
-66.414319	-26.446564	2.782	2008	1	3	124.724384077	-8.292612262	-66.3635188069	-26.3874716723
-67.324386	-25.836672	5.584	2008	1	4	11.3792338973	-10.3946337665	-67.2604758264	-25.76299767
-66.780005	-25.947864	1.357	2008	1	4	61.9508023859	13.28744533	-66.8614591929	-26.042305723
-66.711601	-26.0659	2.369	2008	1	7	75.3914194593	7.09493310692	-66.7550920193	-26.1163541134
-67.324768	-25.836253	5.849	2008	1	8	11.3204226829	-10.3814608086	-67.2609387576	-25.7626722203
-67.323295	-25.837313	5.803	2008	1	12	11.509155816	-10.3835699082	-67.2594531399	-25.7637166271
-67.162419	-25.679114	8.743	2008	1	13	13.3880000584	13.3962435207	-67.2446623433	-25.7741129071
-66.777397	-25.948287	0.106	2008	1	13	62.1857481941	13.4099609627	-66.8596010193	-26.043600779
-67.324475	-25.836808	5.934	2008	1	15	11.381526494	-10.4120340978	-67.2604577803	-25.7630103567
-66.779952	-25.948737	0.897	2008	1	17	62.0144428915	13.2139524247	-66.8609558676	-26.0426565212
-66.780196	-25.948572	-0.139	2008	1	17	61.9839205339	13.2135149892	-66.8611972657	-26.0424882766
-66.779443	-25.94891	0.618	2008	1	17	62.0664557222	13.229913615	-66.8605445021	-26.0429432243
-67.19672	-25.708636	5.008	2008	1	24	12.6957965867	8.69413965931	-67.2501118675	-25.7702828854
-66.932495	-25.96331	2.421	2008	1	25	50.9567820989	2.5861894118	-66.9483644398	-25.9816785106
-66.934163	-25.962948	2.688	2008	1	25	50.8003897101	2.51569967562	-66.9496000392	-25.9808157004
-66.934827	-25.963196	2.483	2008	1	25	50.7648761057	2.45320322463	-66.9498806168	-25.9806197719
-66.932515	-25.963788	2.18	2008	1	25	50.987803711	2.5429839573	-66.9481193472	-25.9818496542
-66.932161	-25.963928	2.386	2008	1	25	51.025303367	2.55239564714	-66.9478230725	-25.9820565362
-66.932186	-25.963745	2.274	2008	1	25	51.0108483878	2.56693419966	-66.9479372775	-25.9819767896
-66.932296	-25.963871	2.25	2008	1	25	51.0107564296	2.54912351231	-66.9479380041	-25.9819762822
-66.930815	-25.962929	2.727	2008	1	25	51.0634488948	2.7226653009	-66.9475216939	-25.9822669807
-66.932393	-25.964187	2.145	2008	1	25	51.024649412	2.51542372083	-66.9478282392	-25.9820529284
-66.936584	-25.960716	2.819	2008	1	26	50.4569989963	2.56325615434	-66.9523129807	-25.9789211917
-67.098132	-25.892039	7.361	2008	1	26	33.0159350272	-1.32576081953	-67.0899904427	-25.8826313149
-67.196082	-25.708978	4.945	2008	1	29	12.7695874895	8.70345877232	-67.2495309491	-25.7706911865
-67.196765	-25.708311	4.937	2008	1	31	12.6700180588	8.71986471341	-67.2503148078	-25.7701402466
-67.122668	-25.724644	7.118	2008	2	21	19.6413910957	11.8506063239	-67.1954151932	-25.8087042565
-66.76969	-26.073783	1.701	2008	3	2	71.340331174	2.84984906365	-66.7871659388	-26.0940436643
-67.289722	-25.865531	9.944	2008	3	4	16.0882706332	-10.7880790101	-67.2234005053	-25.7890517975
-67.289832	-25.863796	10.252	2008	3	4	15.9608505698	-10.6428042571	-67.2244039269	-25.7883469323
-67.289343	-25.864305	10.445	2008	3	4	16.034248802	-10.6572959298	-67.2238259238	-25.7887529592
-67.291695	-25.867379	9.427	2008	3	4	16.0591683499	-11.0715371656	-67.2236296842	-25.7888908095
-67.295768	-25.866606	9.297	2008	3	4	15.6850875767	-11.254637364	-67.226575495	-25.7868214368
-67.285986	-25.868886	9.499	2008	3	4	16.6124964167	-10.8520290935	-67.2192721485	-25.7919516492
-67.29198	-25.869232	9.223	2008	3	4	16.1635192317	-11.2514770151	-67.2228079237	-25.7894680562
-66.660018	-26.068852	0.829	2008	4	6	79.6675626899	9.98781661364	-66.7212229732	-26.1398962993
-66.659208	-26.068534	0.256	2008	4	14	79.7099358819	10.0652794862	-66.7208872895	-26.1401295441
-66.846521	-25.984591	1.727	2008	4	17	59.1971117633	5.98590390068	-66.8832349218	-26.0271252021
-66.247839	-26.262126	0.116	2008	4	21	125.368534794	18.0766952335	-66.3583938405	-26.3910046691
-66.791817	-25.950702	0.333	2008	4	21	61.2104949021	12.3146477893	-66.8673139757	-26.0382248834
-66.8979	-26.05058	-1.627	2008	4	22	59.6386444355	-2.95866836378	-66.8797437341	-26.0295594992
-67.322323	-25.837109	5.804	2008	4	24	11.5718418008	-10.3058016129	-67.2589596998	-25.7640635139
-67.08973	-26.064199	0.453	2008	5	1	45.4390143296	-15.9148078746	-66.9919473542	-25.9512308787
-66.659599	-26.068819	0.187	2008	5	1	79.6984257658	10.0163198676	-66.7209784737	-26.1400661863
-66.657458	-26.069883	-0.717	2008	5	1	79.9399704621	10.0535349605	-66.7190649142	-26.1413957644
-67.087663	-26.063757	2.568	2008	5	2	45.5717394877	-15.7491937472	-66.9908992694	-25.9519634235
-67.322937	-25.837482	5.714	2008	5	2	11.5489581338	-10.3763177933	-67.2591398316	-25.7639368823
-66.661471	-26.066484	-0.517	2008	5	8	79.3916822386	10.107337823	-66.723408487	-26.1383776862
-66.66025	-26.07121	0.151	2008	5	10	79.8096197636	9.76622112529	-66.7200975807	-26.1406782546
-67.087573	-26.062384	5.041	2008	5	12	45.4850479411	-15.6232024194	-66.9915838441	-25.9514849511
-67.323291	-25.837168	5.743	2008	5	15	11.4995440388	-10.3706186736	-67.2595287999	-25.763663438
-66.985657	-25.805406	1.668	2008	5	16	35.9847443989	13.1886061925	-67.0665709352	-25.8990309127
-66.769332	-26.007033	1.761	2008	5	17	66.8234153883	8.73957377389	-66.8229135583	-26.0691594171
-66.660815	-26.068219	0.13	2008	5	20	79.5615309419	9.99480194906	-66.7220629592	-26.1393126403
-66.660413	-26.067918	0.26	2008	5	20	79.5728216315	10.0458413264	-66.7219735145	-26.1393747909
-66.658223	-26.070221	0.995	2008	5	20	79.9025130257	9.97706328905	-66.7193616614	-26.1411895823
-67.037321	-25.692306	7.336	2008	5	25	24.1801750937	19.9404161176	-67.1596530293	-25.8338006656
-66.661446	-26.067603	0.361	2008	5	27	79.469771804	10.0104336727	-66.7227898704	-26.1388075418
-66.660661	-26.067767	0.008	2008	5	29	79.5429546939	10.0439712057	-66.7222101198	-26.1392103855
-66.658358	-26.069427	-0.428	2008	5	29	79.8378398478	10.0386598411	-66.7198740161	-26.1408335915
-66.784827	-25.9593	1.244	2008	6	8	62.3485020875	11.9869462409	-66.8583137837	-26.0444978886
-67.322799	-25.836407	5.586	2008	6	14	11.4862428761	-10.2736236329	-67.2596335011	-25.7635898328
-67.323726	-25.836509	5.711	2008	6	15	11.4201221276	-10.339682485	-67.2601539741	-25.7632239365
-67.323499	-25.836918	5.635	2008	6	15	11.466025159	-10.3615308415	-67.2597926463	-25.763477953
-67.323686	-25.836582	5.612	2008	6	15	11.4282744128	-10.3436138495	-67.2600898032	-25.7632690494
-67.324264	-25.836216	5.733	2008	6	15	11.3576351618	-10.3471620278	-67.2606458407	-25.762878147
-67.323401	-25.835832	5.685	2008	6	15	11.3994019677	-10.2603379133	-67.2603170733	-25.7631092758
-67.323364	-25.836454	5.561	2008	6	15	11.4449042045	-10.312556961	-67.2599589011	-25.7633610748
-67.323543	-25.836525	5.755	2008	6	15	11.4356490488	-10.3298078968	-67.2600317534	-25.7633098589
-67.32463	-25.836587	5.648	2008	6	15	11.3541725411	-10.4022216369	-67.2606730967	-25.7628589855
-67.324475	-25.836731	5.606	2008	6	15	11.3762547389	-10.4052874814	-67.2604992769	-25.7629811839
-66.757983	-25.948309	1.54	2008	6	15	63.72185277	14.5966931476	-66.8474510408	-26.0520674284
-66.757625	-25.948086	1.284	2008	6	17	63.734970078	14.6382150845	-66.8473472805	-26.0521397236
-66.662134	-26.067824	0.131	2008	6	18	79.4304413603	9.94895644071	-66.7231014422	-26.1385910419
-67.323747	-25.837404	5.681	2008	6	18	11.4797412256	-10.4193953118	-67.2596846793	-25.7635538543
-66.784713	-25.959495	1.353	2008	6	19	62.3707917402	11.9767862855	-66.8581374912	-26.0446207496
-67.324296	-25.837083	5.687	2008	6	19	11.414470122	-10.4250991199	-67.2601984641	-25.7631926596
-67.323751	-25.837077	5.845	2008	6	21	11.4570380958	-10.3909904528	-67.2598633885	-25.7634282208
-67.322473	-25.837272	5.684	2008	6	21	11.5711721475	-10.3293264479	-67.258964971	-25.7640598083
-67.322961	-25.83749	5.75	2008	6	21	11.5476131926	-10.3784976087	-67.2591504185	-25.7639294397
-66.785124	-25.959617	1.371	2008	7	1	62.3466187274	11.9408962869	-66.8583286794	-26.0444875075
-67.013416	-25.865226	4.279	2008	7	3	37.8739921422	6.23203844229	-67.0516641805	-25.9094650917
-67.076526	-25.751249	6.051	2008	7	9	25.1055551009	12.3558535669	-67.1523598781	-25.8389163174
-66.658541	-26.068687	0.323	2008	7	10	79.7730466919	10.092573421	-66.7203873182	-26.1404769385
-66.788277	-25.961778	-0.388	2008	7	11	62.244613874	11.5578823796	-66.8591354475	-26.0439252516
-67.070532	-25.752108	6.04	2008	7	16	25.6379532845	12.6491937119	-67.1481636292	-25.8418593365
-66.771659	-26.331108	5.68	2008	7	18	88.707235677	-19.8910636718	-66.6495795745	-26.1896378767
-67.115544	-25.821617	7.607	2008	7	27	26.8301057603	3.78198480372	-67.1387665803	-25.8484489432
-67.114913	-25.821541	7.61	2008	7	27	26.8747418863	3.82746043881	-67.1384147192	-25.848695657
-67.115474	-25.821446	7.514	2008	7	27	26.823949926	3.80129134029	-67.1388151059	-25.8484149184
-67.115653	-25.821482	7.569	2008	7	28	26.8122743697	3.78712409168	-67.1389071426	-25.8483503849
-66.893315	-25.935547	1.01	2008	7	28	52.1579739011	7.42698704421	-66.9388736556	-25.9883050848
-66.893958	-25.935109	1.078	2008	7	28	52.0773182843	7.426039619	-66.9395109604	-25.987860154
-66.893709	-25.935956	0.551	2008	7	28	52.154733749	7.36690328758	-66.9388992579	-25.9882872107
-66.893982	-25.932648	1.88	2008	7	28	51.9076395963	7.64074831749	-66.9408516702	-25.986924125
-66.892891	-25.936452	0.976	2008	7	28	52.2531674098	7.37348450558	-66.9381214726	-25.9888302091
-66.893986	-25.934501	0.895	2008	7	28	52.0336549841	7.47773110343	-66.9398559664	-25.9876192875
-67.115788	-25.821385	7.442	2008	7	29	26.7949861593	3.78733064823	-67.1390434228	-25.8482548287
-67.080721	-25.782564	5.531	2008	7	29	26.9128927195	9.3500520811	-67.1381139797	-25.8489065245
-66.707011	-26.122518	3.282	2008	8	5	79.6068885725	2.39652608883	-66.721703636	-26.1395623151
-67.061121	-25.698372	7.406	2008	8	14	22.7121917417	17.9436689481	-67.1712212797	-25.825684667
-67.061316	-25.698462	7.325	2008	8	25	22.7029180724	17.9237717675	-67.1712943546	-25.8256333931
-67.061711	-25.698612	7.213	2008	8	25	22.6819267932	17.8863023627	-67.171459762	-25.8255173324
-66.424898	-26.528927	6.154	2008	8	27	129.479071958	-16.1905265548	-66.3256823595	-26.4135455804
-66.749463	-25.931647	0.161	2008	9	2	63.26104195	16.5831636079	-66.8510960561	-26.0495276536
-66.659338	-26.070502	1.706	2008	9	6	79.8335238782	9.88422139956	-66.7199082081	-26.1408098343
-66.659603	-26.071159	0.708	2008	9	11	79.8572730791	9.81023753053	-66.7197200623	-26.1409405611
-67.041264	-25.692942	7.568	2008	9	13	23.9117476114	19.6420062917	-67.1617684554	-25.8323166865
-66.991606	-25.767759	0.987	2008	9	15	32.9454211494	16.1282102728	-67.0905466136	-25.882241753
-66.670837	-26.238285	-1.294	2008	10	13	90.3385700118	-5.57642244219	-66.6366440166	-26.198610655
-67.054989	-25.81154	4.042	2008	10	15	30.9247578174	8.38954706401	-67.1064828278	-25.8710774697
-66.975765	-25.805611	3.189	2008	10	17	36.780614689	13.7782770938	-67.0602915915	-25.9034266327
-66.979333	-25.804877	2.717	2008	10	18	36.4485043586	13.6235440745	-67.0629119685	-25.9015923667
-66.658272	-26.070544	-0.241	2008	10	18	79.9206109497	9.94565662956	-66.7192182852	-26.1412892012
-66.657239	-26.066675	0.056	2008	10	18	79.7390766966	10.3491106233	-66.7206564329	-26.1402899504
-66.977799	-25.805166	2.835	2008	10	18	36.5894761586	13.6924030027	-67.0617996997	-25.9023709685
-66.977649	-25.804281	2.748	2008	10	20	36.5409463969	13.7793191394	-67.0621826016	-25.9021029345
-66.840369	-25.886131	2.114	2008	10	28	52.9739034189	15.0144550341	-66.9324262722	-25.9928059423
-66.123494	-26.342265	12.926	2008	10	29	140.626961172	18.5534144663	-66.236903538	-26.4746396517
-66.129867	-26.35048	12.435	2008	10	31	140.678775602	17.4421043381	-66.2364906818	-26.4749234835
-66.124849	-26.344232	9.76	2008	11	2	140.65287845	18.2976839057	-66.23669703	-26.4747816229
-66.658679	-26.070964	-0.625	2008	11	8	79.9170191857	9.88384461919	-66.7192467401	-26.1412694306
-66.660864	-26.069851	0.095	2008	11	8	79.6686668101	9.84825036749	-66.7212142263	-26.139902377
-66.971944	-25.763831	2.235	2008	11	9	34.2320225922	17.6813375573	-67.0803981003	-25.8893493942
-66.729134	-25.942664	-2.087	2008	11	10	65.6183577751	16.8589724473	-66.8324480161	-26.0625191181
-66.839852	-25.884715	1.717	2008	11	11	52.9182873725	15.1705736644	-66.9328657596	-25.9924991603
-66.939689	-25.851705	10.057	2008	11	13	42.7764784399	11.9460335585	-67.0129697271	-25.9365340563
-66.976941	-25.797463	2.782	2008	11	14	36.1316996517	14.421424645	-67.0654115069	-25.8998425907
-66.974963	-25.799152	2.983	2008	11	14	36.4033022119	14.3946422426	-67.0632686107	-25.9013427088
-66.660824	-26.067979	0.281	2008	11	16	79.5444951504	10.0153634811	-66.7221979163	-26.1392188651
-66.660673	-26.067537	0.211	2008	11	16	79.5263620669	10.0634698118	-66.7223415659	-26.1391190497
-66.658598	-26.065063	1.865	2008	11	18	79.5220459893	10.407877633	-66.7223757577	-26.1390952914
-66.197693	-26.373002	6.406	2008	11	22	136.841357627	11.3419877876	-66.2670616373	-26.4538994604
-66.197595	-26.3704	0.009	2008	11	22	136.672938024	11.577448656	-66.2684031035	-26.4529765926
-66.195976	-26.372426	5.225	2008	11	22	136.938051585	11.4969428851	-66.2662914579	-26.4544292965
-66.896879	-26.027962	-0.11	2008	11	23	58.1771563198	-0.909343679323	-66.8912991302	-26.0215015728
-66.765674	-26.027138	1.911	2008	11	23	68.4813767154	7.19601132435	-66.8097939433	-26.0782943539
-66.973633	-25.800332	3.455	2008	11	25	36.5889494491	14.372739017	-67.0618038555	-25.9023680594
-66.97745	-25.799556	3.019	2008	11	25	36.2342754036	14.2063927178	-67.0646022088	-25.9004091418
-66.976591	-25.800366	2.953	2008	11	25	36.3574455147	14.1880447998	-67.0636304158	-25.9010894348
-66.976912	-25.797249	2.272	2008	11	25	36.1193902903	14.4419951762	-67.0655086243	-25.8997746027
-66.977063	-25.798737	2.831	2008	11	25	36.2089841709	14.3020740202	-67.0648017513	-25.9002694525
-66.976831	-25.799056	3.127	2008	11	25	36.2490895317	14.2883182504	-67.0644853282	-25.9004909635
-66.976953	-25.799717	2.76	2008	11	25	36.2845474603	14.2227884608	-67.0642055714	-25.9006868052
-66.976221	-25.799239	2.977	2008	11	25	36.3097953811	14.3097239994	-67.0640063692	-25.9008262544
-66.976896	-25.799276	2.767	2008	11	25	36.2589625876	14.2650094167	-67.0644074316	-25.9005454946
-66.976603	-25.798897	2.786	2008	11	26	36.2562635325	14.3162846669	-67.0644287267	-25.9005305871
-66.974137	-25.800267	3.254	2008	11	27	36.5446739918	14.3474858542	-67.0621531908	-25.9021235224
-66.975244	-25.799288	2.984	2008	11	28	36.3903690005	14.3654395386	-67.0633706527	-25.9012712766
-66.976831	-25.800993	3.162	2008	11	29	36.3812560085	14.1182514164	-67.0634425534	-25.9012209441
-67.166528	-25.664535	5.653	2008	12	5	12.0666135852	14.4216856377	-67.255064944	-25.7668013853
-66.569499	-26.093734	0.677	2008	12	8	88.5128513739	13.326025851	-66.6511207991	-26.1885686336
-66.97843	-25.79918	2.921	2008	12	8	36.1311533606	14.1792016929	-67.065415817	-25.8998395734
-67.322408	-25.838206	5.439	2008	12	9	11.640242526	-10.4071577922	-67.2584212721	-25.7644420227
-67.322852	-25.837638	5.832	2008	12	15	11.5663415381	-10.3847487608	-67.2590029958	-25.7640330771
-67.035274	-25.716123	6.388	2008	12	19	25.9681091113	17.9759700032	-67.1455613065	-25.8436843289
-67.167558	-25.854606	7.418	2008	12	22	24.978427168	-2.31098502224	-67.1533618425	-25.838213555
-67.008525	-25.774164	0.519	2008	12	22	32.045005336	14.5260929977	-67.0976482277	-25.8772671179
-66.658634	-26.068626	1.512	2008	12	23	79.7615490525	10.0922571822	-66.7204784041	-26.1404136497
-66.659005	-26.068744	0.422	2008	12	23	79.7402600417	10.0592097954	-66.7206470583	-26.1402964641
-66.680534	-26.379844	0.184	2008	12	24	99.2041955071	-18.6188009757	-66.5663097474	-26.2473537364
-66.908354	-25.985714	3.49	2008	12	24	54.3907090045	2.09846417564	-66.9212296601	-26.0006206934
-67.019751	-25.967523	4.326	2008	12	25	44.3565183066	-3.13637109066	-67.0004949649	-25.9452560195
-67.019157	-25.966923	4.373	2008	12	25	44.3624375972	-3.04725139836	-67.0004482274	-25.9452886925
-66.714787	-26.085659	1.369	2008	12	25	76.4844625842	5.1626350538	-66.7464359074	-26.1223725845
-67.019381	-25.967857	4.18	2008	12	25	44.408516027	-3.14298193361	-67.0000844001	-25.9455430334
-67.019946	-25.967818	4.125	2008	12	25	44.3612669063	-3.1742323014	-67.0004574709	-25.9452822306
-66.656335	-26.068852	-0.075	2008	12	25	79.9585813065	10.2128399648	-66.718917474	-26.1414982063
-66.658337	-26.069621	0.118	2008	12	27	79.8526946198	10.0228775663	-66.7197563337	-26.1409153591
-66.659314	-26.070233	0.027	2008	12	27	79.8171233063	9.90935035145	-66.7200381364	-26.1407195578
-66.200464	-26.34212	1.631	2008	12	31	134.531495969	13.8978889	-66.285457867	-26.4412413087
-67.167883	-25.854517	7.417	2009	1	1	24.9466936686	-2.32317287354	-67.1536119496	-25.8380381313
-66.616626	-26.304604	1.397	2009	1	4	99.1252780835	-8.10477585373	-66.5669360885	-26.2469200005
-67.305416	-25.841315	4.014	2009	1	4	13.1931170992	-9.63265812605	-67.2461966379	-25.7730346234
-66.661019	-26.069686	0.9	2009	1	7	79.6451963068	9.85329411425	-66.7214001609	-26.1397731824
-66.662073	-26.07062	0.731	2009	1	7	79.6254458113	9.70673725043	-66.7215566251	-26.1396644646
-66.661039	-26.069291	1.431	2009	1	7	79.6167483043	9.88681798294	-66.721625527	-26.1396165886
-67.284359	-25.720673	7.038	2009	1	8	6.59745538214	2.23743876028	-67.2981072087	-25.7365314716
-67.284607	-25.720701	6.95	2009	1	8	6.57979055872	2.21969396253	-67.2982461953	-25.7364336824
-66.659725	-26.068601	0.43	2009	1	15	79.6736416833	10.0277977647	-66.7211748151	-26.1399297614
-67.02498	-25.804946	4.846	2009	1	15	32.8456314582	10.8127704664	-67.0913336882	-25.88169045
-67.04812	-25.739901	5.939	2009	1	15	26.5759119756	15.0989642463	-67.1407703308	-25.8470439412
-66.659778	-26.068819	0.491	2009	1	16	79.6842818947	10.0053831864	-66.7210905226	-26.1399883309
-67.113123	-25.818844	6.835	2009	1	22	26.8318272447	4.17415252064	-67.1387530101	-25.8484584582
-66.894779	-25.931488	1.608	2009	1	22	51.7655931783	7.69377929626	-66.9419740282	-25.9861405194
-66.894364	-25.930703	1.43	2009	1	22	51.744858454	7.78818023366	-66.9421378592	-25.9860261346
-66.893062	-25.933993	1.225	2009	1	22	52.0720142851	7.57900627406	-66.9395528701	-25.9878308948
-66.895093	-25.932668	2.161	2009	1	22	51.8212372171	7.57087366031	-66.9415343671	-25.9864474833
-66.893563	-25.934505	1.01	2009	1	23	52.0673431456	7.50331417716	-66.9395897792	-25.9878051267
-66.893046	-25.931535	1.674	2009	1	23	51.9057015177	7.79590506471	-66.9408669837	-25.9869134336
-66.894698	-25.935852	0.867	2009	1	23	52.0695171008	7.31540302806	-66.9395726016	-25.9878171192
-66.89576	-25.932621	2.041	2009	1	23	51.7653419897	7.53410664101	-66.9419760129	-25.9861391337
-66.894271	-25.932672	1.933	2009	1	23	51.8864455847	7.62092095814	-66.9410191324	-25.9868072078
-66.895658	-25.935415	0.819	2009	1	23	51.9638884134	7.29493132569	-66.9404072246	-25.9872344218
-66.892346	-25.931163	2.188	2009	1	23	51.9356393947	7.87150090113	-66.9406304323	-25.9870785862
-66.89506	-25.932243	2.155	2009	1	23	51.7948687233	7.61022975381	-66.9417427132	-25.98630202
-66.904179	-25.927956	-0.086	2009	1	23	50.7822094797	7.42765172953	-66.9497436734	-25.9807154002
-66.894946	-25.934774	1.174	2009	1	23	51.9764312076	7.39489155054	-66.9403081184	-25.987303614
-66.896077	-25.933962	1.423	2009	1	24	51.831726869	7.39687521846	-66.9414514848	-25.98650535
-66.896574	-25.933081	1.963	2009	1	24	51.7324009189	7.44379083905	-66.9422362896	-25.9859574115
-66.895683	-25.933923	1.433	2009	1	24	51.8601922488	7.42445808211	-66.9412265698	-25.9866623805
-66.893319	-25.930414	2.087	2009	1	24	51.807709338	7.87763862476	-66.9416412554	-25.986372856
-66.895341	-25.935809	0.859	2009	1	24	52.015791771	7.27975738263	-66.9399971123	-25.9875207457
-66.89491	-25.933616	1.573	2009	1	24	51.900325745	7.49881969889	-66.9409094598	-25.986883778
-66.893481	-25.932017	2.005	2009	1	24	51.904198131	7.72689419035	-66.9408788626	-25.9869051401
-66.756807	-25.950079	2.372	2009	1	24	63.9353265432	14.5130813309	-66.8457624089	-26.0532439655
-66.895569	-25.934847	1.068	2009	1	24	51.9321940046	7.35028205328	-66.9406576558	-25.9870595797
-66.89561	-25.934192	1.57	2009	1	24	51.8842987645	7.40530449302	-66.9410360952	-25.9867953649
-66.891007	-25.930422	2.024	2009	1	24	51.9909023865	8.01868898624	-66.9401937751	-25.9873834441
-66.892338	-25.929909	2.036	2009	1	24	51.8507792172	7.98214683745	-66.9413009456	-25.9866104532
-66.892981	-25.9297	2.253	2009	1	25	51.7857334603	7.96108209386	-66.9418148937	-25.9862516247
-66.892424	-25.931181	1.796	2009	1	25	51.9307046152	7.86513741511	-66.9406694241	-25.9870513635
-66.893551	-25.932123	1.654	2009	1	25	51.9058949585	7.71329104036	-66.9408654553	-25.9869145007
-66.894185	-25.931891	1.628	2009	1	25	51.8399932689	7.69479861989	-66.9413861691	-25.986550952
-66.890499	-25.929323	2.379	2009	1	25	51.9561110405	8.14637578833	-66.9404686771	-25.987191518
-66.892	-25.929254	2.189	2009	1	25	51.8328264246	8.06040779762	-66.9414427969	-25.9865114158
-66.889246	-25.931598	0.745	2009	1	25	52.2101948319	8.02335150261	-66.9384610265	-25.9885931561
-66.89104	-25.930282	1.892	2009	1	25	51.9787509153	8.02896386699	-66.9402897894	-25.9873164107
-66.890312	-25.93219	1.129	2009	1	25	52.1663397797	7.90599137674	-66.9388075519	-25.9883512343
-66.888607	-25.931832	1.291	2009	1	25	52.2766286978	8.04197238542	-66.9379360894	-25.98895963
-66.895048	-25.932635	2.152	2009	1	25	51.8225422272	7.57653150287	-66.9415240558	-25.9864546825
-66.894682	-25.931087	2.516	2009	1	25	51.7459169409	7.7349513027	-66.9421294958	-25.9860319738
-66.894527	-25.931396	2.507	2009	1	25	51.7792283761	7.71731160772	-66.9418662924	-25.986215739
-66.894234	-25.931771	2.47	2009	1	25	51.8279411503	7.7023353862	-66.9414813971	-25.9864844659
-66.893404	-25.931567	2.458	2009	1	25	51.8796016608	7.77114441756	-66.9410732088	-25.9867694532
-66.891032	-25.93078	1.557	2009	1	25	52.0133339192	7.98570807657	-66.940016533	-25.987507187
-66.890446	-25.929976	2.453	2009	1	25	52.0048159363	8.0922630051	-66.9400838376	-25.9874601978
-66.892371	-25.932963	1.639	2009	1	25	52.0563804828	7.71185027764	-66.9396764008	-25.9877446517
-66.889771	-25.929122	2.051	2009	1	25	51.999921212	8.20866713702	-66.9401225131	-25.9874331962
-66.895638	-25.932719	2.26	2009	1	25	51.7816610107	7.53297834237	-66.9418470714	-25.9862291588
-66.893302	-25.929205	5.536	2009	1	25	51.7266272714	7.98488282726	-66.9422819087	-25.9859255606
-66.889164	-25.92891	2.035	2009	1	25	52.0334226438	8.26450600161	-66.9398578022	-25.9876180058
-66.894446	-25.931952	1.811	2009	1	25	51.8235336269	7.67343770387	-66.9415162224	-25.9864601516
-66.893604	-25.931431	2.212	2009	1	25	51.8545299782	7.77082858894	-66.9412713094	-25.9866311444
-66.889181	-25.929291	2.53	2009	1	25	52.0580536939	8.22999480945	-66.9396631799	-25.9877538819
-66.892318	-25.932949	1.722	2009	1	25	52.0596129222	7.71632954949	-66.9396508597	-25.9877624833
-66.889209	-25.929132	2.079	2009	1	25	52.0450020549	8.242245447	-66.9397663075	-25.9876818832
-66.889018	-25.93111	1.437	2009	1	25	52.1949383482	8.08019841171	-66.9385815774	-25.9885089954
-66.891569	-25.93315	0.555	2009	1	25	52.132485798	7.74459449785	-66.9390750518	-25.9881644818
-66.890365	-25.933433	0.87	2009	1	25	52.2468933938	7.79355150478	-66.9381710477	-25.9887955993
-66.896139	-25.933362	1.977	2009	1	25	51.7859222695	7.44577861395	-66.9418134019	-25.9862526663
-66.890991	-25.930412	1.817	2009	1	25	51.991484646	8.0205484049	-66.9401891744	-25.9873866561
-66.889543	-25.932261	1.157	2009	1	25	52.2319308873	7.94690150248	-66.9382892762	-25.9887130605
-66.889152	-25.92915	2.577	2009	1	25	52.050732297	8.24415895221	-66.93972103	-25.9877134938
-66.896098	-25.932699	2.491	2009	1	25	51.7439590304	7.50653121747	-66.9421449658	-25.9860211728
-66.88903	-25.92891	2.318	2009	1	25	52.0440089519	8.27272165308	-66.9397741545	-25.9876764048
-66.891479	-25.9328	0.759	2009	1	25	52.1157343983	7.78085770295	-66.939207414	-25.988072074
-66.890625	-25.931759	1.721	2009	1	25	52.1122297746	7.92466219121	-66.9392351059	-25.988052741
-66.893722	-25.931879	1.903	2009	1	25	51.8757512324	7.72424028436	-66.9411036325	-25.9867482122
-66.891858	-25.929862	2.262	2009	1	25	51.8854950849	8.01570530181	-66.9410266426	-25.9868019644
-66.885746	-25.931667	1.462	2009	1	25	52.491403007	8.23186970158	-66.9362389959	-25.990144392
-66.888879	-25.933256	0.731	2009	1	26	52.3522192683	7.90020494405	-66.9373387953	-25.9893766134
-66.888989	-25.929576	2.34	2009	1	26	52.0926514865	8.21673062427	-66.9393898046	-25.9879447387
-66.891508	-25.933116	0.7	2009	1	26	52.1349867442	7.75132109924	-66.9390552904	-25.9881782781
-66.89211	-25.934316	1.012	2009	1	26	52.1692403249	7.6090002586	-66.938784633	-25.9883672349
-66.894531	-25.935653	1.043	2009	1	26	52.0691420439	7.3431224706	-66.9395755652	-25.9878150503
-66.893274	-25.931718	2.509	2009	1	26	51.9001660751	7.76585072063	-66.9409107214	-25.9868828972
-66.893091	-25.932043	1.702	2009	1	26	51.936780025	7.74852185556	-66.9406214197	-25.9870848785
-66.888062	-25.930585	1.154	2009	1	26	52.2346727142	8.18492902885	-66.9382676112	-25.9887281855
-66.888704	-25.929368	1.939	2009	1	26	52.1009870349	8.25247586045	-66.939323941	-25.9879907212
-66.890812	-25.932668	1.061	2009	1	26	52.1594275085	7.83334691567	-66.9388621698	-25.9883131034
-66.889665	-25.932595	0.976	2009	1	26	52.2450629522	7.91008164312	-66.9381855113	-25.9887855019
-66.890865	-25.934212	0.213	2009	1	26	52.2605021162	7.69446631216	-66.9380635163	-25.98887067
-66.890588	-25.932935	0.683	2009	1	26	52.1953258538	7.82362592648	-66.9385785155	-25.9885111331
-66.890271	-25.933693	1.071	2009	1	26	52.2720445578	7.77647504311	-66.9379723118	-25.9889343423
-66.893408	-25.930786	1.787	2009	1	26	51.8260399829	7.83950431727	-66.9414964189	-25.986473978
-66.895097	-25.93088	1.646	2009	1	26	51.6990199954	7.72768958256	-66.9425000408	-25.9857732624
-66.890731	-25.933616	0.953	2009	1	26	52.2304558446	7.75503681283	-66.9383009314	-25.9887049236
-66.892358	-25.934359	0.6	2009	1	26	52.1525805698	7.59001814155	-66.9389162715	-25.9882753329
-66.895101	-25.931099	1.761	2009	1	26	51.7136348594	7.7082069711	-66.9423845651	-25.9858538868
-66.888639	-25.930461	1.388	2009	1	26	52.1806353703	8.1604462459	-66.9386945939	-25.9884300946
-66.892472	-25.931392	1.533	2009	1	26	51.9412977185	7.84365954236	-66.9405857235	-25.9871098004
-66.88855	-25.931486	1.034	2009	1	26	52.2575438619	8.07586144852	-66.9380868914	-25.9888543512
-66.893526	-25.931384	1.971	2009	1	26	51.8574875725	7.77973954583	-66.9412479404	-25.9866474601
-66.893604	-25.930752	2.117	2009	1	26	51.8082381865	7.83047371212	-66.9416370768	-25.9863757735
-66.891524	-25.935116	0.221	2009	1	26	52.2700728131	7.57465276988	-66.9379878919	-25.9889234654
-66.892306	-25.930619	1.567	2009	1	26	51.9017118647	7.92174010612	-66.9408985075	-25.9868914246
-66.888204	-25.933514	-0.084	2009	1	26	52.423132609	7.91892388265	-66.9367784554	-25.9897677934
-66.864152	-25.935372	2.997	2009	1	27	54.4500026655	9.23008641805	-66.9207610466	-26.0009477238
-66.896887	-25.93257	2.553	2009	1	27	51.6728359218	7.46948647892	-66.9427069274	-25.985628815
-66.89797	-25.932001	2.474	2009	1	27	51.5484892803	7.45306460639	-66.9436894125	-25.9849428389
-66.888806	-25.928341	2.376	2009	1	27	52.0229149288	8.33643911481	-66.9399408288	-25.9875600404
-66.897791	-25.934157	2.33	2009	1	27	51.7096239988	7.27465597089	-66.942416256	-25.9858317604
-66.89917	-25.931765	2.352	2009	1	27	51.4376038344	7.40021684266	-66.9445655286	-25.9843311179
-66.8962	-25.931484	2.525	2009	1	27	51.6530649248	7.60700439118	-66.9428631423	-25.9855197459
-66.897673	-25.933693	2.448	2009	1	27	51.6873102516	7.32264892348	-66.9425925623	-25.9857086643
-66.896834	-25.934273	1.918	2009	1	27	51.7931308516	7.32314302267	-66.9417564447	-25.9862924329
-66.897636	-25.934285	1.943	2009	1	27	51.7305951096	7.27291594902	-66.9422505578	-25.9859474496
-66.900102	-25.934782	1.656	2009	1	27	51.5696815013	7.07805970188	-66.9435219697	-25.9850597493
-66.897668	-25.934247	2.248	2009	1	27	51.7254764725	7.27429186495	-66.9422910015	-25.9859192122
-66.89681	-25.935447	1.596	2009	1	27	51.8750683701	7.22148927754	-66.9411090281	-25.9867444451
-66.897437	-25.932389	2.35	2009	1	27	51.6170476944	7.45166303962	-66.9431477216	-25.9853210521
-66.896159	-25.933358	2.229	2009	1	27	51.7840696369	7.44490372359	-66.9418280401	-25.9862424461
-66.897388	-25.933089	2.281	2009	1	27	51.6686437724	7.39317898994	-66.9427400505	-25.9856056885
-66.897799	-25.932227	2.204	2009	1	27	51.5774061201	7.4436974581	-66.9434609363	-25.9851023634
-66.896159	-25.932286	2.584	2009	1	27	51.710982677	7.53906956089	-66.9424055207	-25.9858392557
-66.898254	-25.933976	1.898	2009	1	27	51.6607090099	7.26216689741	-66.9428027448	-25.9855619155
-66.895528	-25.931732	2.647	2009	1	27	51.7230592454	7.62642240034	-66.9423101006	-25.9859058773
-66.898234	-25.935557	2.467	2009	1	27	51.7700807264	7.1245178378	-66.9419385707	-25.9861652753
-66.896619	-25.932713	2.427	2009	1	27	51.7037564329	7.4733572433	-66.9424626171	-25.9857993914
-66.892269	-25.930196	1.723	2009	1	27	51.8757966027	7.96116635783	-66.941103274	-25.9867484624
-66.897225	-25.932515	2.626	2009	1	27	51.6423854018	7.45359367656	-66.9429475234	-25.985460831
-66.886336	-25.929718	1.444	2009	1	27	52.3119255479	8.36691085403	-66.9376571848	-25.9891543398
-66.894682	-25.933622	1.487	2009	1	27	51.9187460014	7.51227174194	-66.940763914	-25.9869853937
-66.893738	-25.9337	1.139	2009	1	27	51.9986366867	7.56329804689	-66.9401326628	-25.9874261102
-66.898873	-25.931327	2.575	2009	1	27	51.4312027417	7.45690135268	-66.9446161039	-25.9842958049
-66.897864	-25.932522	2.369	2009	1	27	51.5923842695	7.41379911228	-66.9433425916	-25.9851849927
-66.894356	-25.933118	1.799	2009	1	27	51.9101377203	7.57653181228	-66.9408319315	-25.986937906
-66.894307	-25.936007	0.723	2009	1	27	52.1109716026	7.32575987872	-66.9392450475	-25.9880458004
-66.887268	-25.93053	1.378	2009	1	28	52.2936507116	8.23843997348	-66.9378015869	-25.9890535295
-66.892655	-25.931217	2.586	2009	1	28	51.9149101381	7.84781205471	-66.9407942227	-25.9869642331
-66.892961	-25.930345	2.175	2009	1	28	51.8312869761	7.90564965858	-66.9414549606	-25.9865029233
-66.893022	-25.930752	2.087	2009	1	29	51.8542156524	7.86615753977	-66.941273793	-25.9866294104
-66.887968	-25.931525	0.926	2009	1	29	52.3061811561	8.10811730045	-66.9377025752	-25.9891226518
-66.888586	-25.929403	1.949	2009	1	29	52.1126953521	8.25663589581	-66.9392314272	-25.9880553093
-66.88785	-25.930788	1.61	2009	1	29	52.2652601075	8.18009393786	-66.9380259203	-25.9888969168
-66.865499	-25.936139	3.035	2009	1	29	54.395853887	9.08013850925	-66.9211889988	-26.0006490697
-66.889547	-25.931645	1.355	2009	1	29	52.1896198891	8.0007686081	-66.9386236018	-25.9884796567
-66.894141	-25.931984	1.661	2009	1	29	51.8498096178	7.68932702724	-66.9413086067	-25.9866051043
-66.890059	-25.929777	2.324	2009	1	30	52.0218227037	8.13347139646	-66.939949459	-25.9875540152
-66.891854	-25.930064	2.386	2009	1	30	51.8995824874	7.99820616119	-66.9409153326	-25.9868796779
-66.889823	-25.931281	1.441	2009	1	30	52.143000543	8.0158225369	-66.9389919688	-25.9882224855
-66.890715	-25.929437	2.398	2009	1	30	51.9468186489	8.12311827053	-66.9405421003	-25.9871402566
-66.888489	-25.930019	1.992	2009	1	30	52.1623531333	8.20847030723	-66.9388390527	-25.9883292424
-66.890145	-25.929602	2.328	2009	1	30	52.0030981279	8.14357142137	-66.9400974108	-25.9874507216
-66.890833	-25.932188	1.843	2009	1	30	52.1250447408	7.87422454793	-66.9391338478	-25.9881234338
-66.889221	-25.928674	2.631	2009	1	30	52.0128305721	8.28174267253	-66.9400205102	-25.9875044103
-66.892456	-25.930404	2.078	2009	1	30	51.8752041573	7.93142960425	-66.9411079552	-25.9867451942
-66.890153	-25.931087	1.673	2009	1	30	52.1037046708	8.01263200551	-66.9393024675	-25.9880057129
-66.891695	-25.9291	2.276	2009	1	30	51.8464226885	8.09263596638	-66.941335368	-25.9865864202
-66.890678	-25.929844	2.265	2009	1	30	51.9774886998	8.08963423969	-66.9402997627	-25.9873094477
-66.886353	-25.931488	0.879	2009	1	31	52.4312461568	8.21038051843	-66.9367143439	-25.9898125501
-66.888314	-25.92851	2.112	2009	1	31	52.0733055888	8.35175816589	-66.9395426668	-25.9878380182
-66.894808	-25.931604	2.022	2009	2	1	51.7712107982	7.68181155286	-66.9419296417	-25.9861715094
-66.89447	-25.931948	1.975	2009	2	1	51.8213649732	7.67231757282	-66.9415333577	-25.9864481881
-66.890275	-25.929252	2.244	2009	2	2	51.9689669896	8.1663464885	-66.9403670966	-25.9872624378
-67.0514	-25.897819	3.763	2009	2	2	37.0996256554	1.03829096147	-67.0577744928	-25.9051885058
-66.890658	-25.929256	2.003	2009	2	3	51.9389821412	8.14251281475	-66.9406040199	-25.9870970265
-66.893156	-25.931083	2.238	2009	2	3	51.8661960582	7.82886571703	-66.9411791315	-25.9866955007
-66.88936	-25.928957	2.118	2009	2	3	52.0211423669	8.24836035307	-66.9399548347	-25.9875502621
-66.890153	-25.929639	1.925	2009	2	3	52.0049885595	8.13983068992	-66.9400824736	-25.9874611501
-66.88995	-25.928827	2.149	2009	2	3	51.9656685668	8.22360656278	-66.9403931589	-25.9872442421
-66.894653	-25.930062	2.731	2009	2	4	51.6783263324	7.82676748209	-66.9426635464	-25.9856591035
-66.658244	-26.070361	-0.481	2009	2	9	79.9103761609	9.96346505857	-66.7192993678	-26.1412328645
-66.978898	-25.798012	2.34	2009	2	9	36.014462087	14.252999389	-67.0663364738	-25.8991950532
-66.97793	-25.799282	2.955	2009	2	14	36.1776367964	14.200962317	-67.0650490748	-25.9000963134
-66.977454	-25.800529	3.172	2009	2	15	36.3003499042	14.1207187941	-67.0640808927	-25.9007740852
-66.660002	-26.070081	-0.619	2009	2	16	79.7524220593	9.88068555202	-66.7205507093	-26.1403634101
-67.323661	-25.83691	5.75	2009	2	18	11.4527020606	-10.370812318	-67.2598975198	-25.7634042263
-67.089225	-26.008103	9.507	2009	2	23	41.6470229854	-10.9619262585	-67.021885894	-25.9302987052
-66.618502	-26.302979	-0.422	2009	2	25	98.8668218204	-8.07613931671	-66.5689873363	-26.2454994874
-67.089319	-25.728139	6.854	2009	2	26	22.5159299103	13.5965103643	-67.1727677751	-25.8245995303
-66.618083	-26.305377	0.753	2009	3	1	99.0629120465	-8.2615930049	-66.5674310635	-26.2465772304
-66.686674	-26.309947	0.507	2009	3	8	93.964809357	-12.8455491576	-66.6078828493	-26.2185518027
-66.801099	-25.964266	1.32	2009	3	9	61.4008284078	10.5540343791	-66.8658087464	-26.0392740923
-67.017456	-25.71015	6.027	2009	3	9	26.9694393469	19.5961510797	-67.1376682258	-25.8492190682
-66.617904	-26.304775	0.304	2009	3	10	99.0361006196	-8.19771499233	-66.5676438544	-26.2464298715
-66.619576	-26.305573	-0.599	2009	3	29	98.9584780583	-8.36983658928	-66.5682599088	-26.2460032467
-67.317419	-25.836243	4.488	2009	3	30	11.8992950928	-9.9277481884	-67.2563820656	-25.7658755225
-67.199963	-25.62086	6.708	2009	4	17	6.43731739575	16.1907956276	-67.2993671638	-25.7356449722
-67.200431	-25.620398	6.639	2009	4	17	6.36872398892	16.2024490145	-67.2999068465	-25.7352652463
-66.611023	-26.304517	1.726	2009	4	20	99.561315775	-7.75563266303	-66.5634753454	-26.249316461
-66.932747	-26.103676	8.128	2009	4	28	60.5102211321	-9.75651303403	-66.8728517737	-26.0343645068
-67.196484	-25.643323	5.397	2009	4	30	8.24838427738	14.4356377798	-67.2851167128	-25.7456701296
-66.93326	-26.103534	7.88	2009	4	30	60.4600789496	-9.77546159978	-66.8732482864	-26.0340880815
-66.617004	-26.303833	0.558	2009	4	30	99.0430428112	-8.05997645312	-66.5675887572	-26.2464680267
-67.097534	-25.89209	7.329	2009	5	2	33.066618596	-1.29348477039	-67.089590679	-25.8829113207
-66.660173	-26.073621	0.101	2009	5	3	79.9796974603	9.55884291922	-66.7187501857	-26.1416144384
-66.656608	-26.070431	-0.153	2009	5	3	80.0444075981	10.0572614355	-66.7182375313	-26.1419706287
-66.655404	-26.176858	-2.564	2009	5	4	87.3782388885	0.768738462017	-66.6601162937	-26.1823271815
-66.655839	-26.178015	-1.029	2009	5	4	87.422592173	0.640408385607	-66.6597646678	-26.1825711775
-66.653646	-26.267639	2.452	2009	5	6	93.6914367035	-7.10978753225	-66.6100514216	-26.2170486914
-67.046293	-25.691085	7.399	2009	5	17	23.3872229215	19.4955632406	-67.165901982	-25.8294168068
-66.654289	-26.267548	1.759	2009	5	18	93.6345248796	-7.14099979248	-66.6105028767	-26.2167357636
-66.70127	-26.013745	-0.7	2009	5	28	72.6585488225	12.3131265854	-66.77673048	-26.1013042274
-67.305505	-25.83877	3.89	2009	5	31	13.0118883518	-9.41512724737	-67.2476234091	-25.7720318737
-67.041484	-25.690946	7.251	2009	5	31	23.7580688562	19.8036501948	-67.1629795447	-25.8314670724
-67.042485	-25.691347	7.842	2009	6	5	23.7062793626	19.7068681929	-67.1633876759	-25.8311807516
-66.658923	-26.068819	-0.107	2009	6	14	79.7518407451	10.0576224657	-66.7205553146	-26.1403602102
-67.202938	-26.028377	6.131	2009	6	14	34.0695735073	-19.7243313358	-67.081679541	-25.888452007
-66.659049	-26.068024	0.11	2009	6	15	79.6878102391	10.1198564238	-66.7210625707	-26.1400077528
-66.659485	-26.06849	0.121	2009	6	16	79.6850555285	10.0522256007	-66.7210843938	-26.1399925894
-66.658586	-26.068831	0.013	2009	6	16	79.7792855131	10.077156977	-66.7203378934	-26.14051128
-66.658944	-26.06734	-0.108	2009	6	16	79.6495826341	10.1864400428	-66.7213654122	-26.1397973272
-66.663436	-26.068205	0.624	2009	6	16	79.3534795511	9.83588883049	-66.7237111226	-26.1381673929
-66.658403	-26.068095	-0.437	2009	6	17	79.7436844997	10.1530805704	-66.7206199294	-26.1403153141
-66.658655	-26.068492	0.457	2009	6	17	79.7507753038	10.1027614863	-66.7205637551	-26.1403543455
-66.660229	-26.069226	-2.017	2009	6	26	79.6763294455	9.9420259575	-66.7211535224	-26.1399445563
-66.7554	-26.136334	4.192	2009	7	2	76.7274018687	-1.77535621676	-66.7445118826	-26.123710177
-66.589974	-26.227069	-2.026	2009	7	3	95.9575163059	0.342616853942	-66.5920736894	-26.2295075131
-67.065767	-26.039587	6.972	2009	7	26	45.6470470866	-12.2848094473	-66.9903045854	-25.9523790624
-67.067297	-26.041028	4.676	2009	7	28	45.6248247685	-12.5051410813	-66.9904800696	-25.9522564128
-67.066496	-26.041465	5.496	2009	8	8	45.7178224474	-12.494339834	-66.9897456876	-25.9527696847
-67.065438	-26.04137	6.117	2009	8	9	45.7947515449	-12.4210856684	-66.9891381907	-25.9531942681
-67.063794	-26.038169	9.541	2009	8	9	45.7057733827	-12.0393130531	-66.9898408367	-25.9527031838
-67.066748	-26.037431	8.473	2009	8	9	45.4224610496	-12.1558096754	-66.9920780688	-25.9511395163
-67.065914	-26.041172	4.5	2009	8	10	45.7436999155	-12.432917372	-66.9895413378	-25.9529125066
-67.049349	-26.043807	9.497	2009	8	10	47.2297370663	-11.6478402516	-66.9778055351	-25.9611137083
-66.61921	-26.305766	0.186	2009	8	10	99.0004684271	-8.3645101233	-66.5679266512	-26.2462340322
-67.066353	-26.038865	7.644	2009	8	10	45.5515367116	-12.2574090322	-66.9910588046	-25.9518519196
-67.068681	-26.039425	3.72	2009	8	15	45.4062304333	-12.4493984127	-66.9922062353	-25.9510499347
-67.070907	-26.035486	5.719	2009	8	15	44.9617089109	-12.24034297	-66.9957163626	-25.9485964434
-67.065865	-26.037701	8.531	2009	8	16	45.5105213166	-12.1253210357	-66.9913826898	-25.9516255454
-66.825826	-25.856116	8.317	2009	8	20	52.078676612	18.5435838694	-66.9395002276	-25.9878676472
-66.822652	-25.859509	0.478	2009	8	20	52.5608438327	18.4400054	-66.9356902844	-25.990527445
-66.828422	-25.85604	10.453	2009	8	20	51.8682061278	18.3910983161	-66.9411632492	-25.9867065893
-66.825077	-25.85674	8.1	2009	8	20	52.1804219184	18.5346692865	-66.9386962805	-25.9884289171
-67.071525	-26.036934	6.501	2009	8	22	45.0118749096	-12.4053282978	-66.9953202383	-25.9488733338
-66.617529	-26.302856	0.262	2009	8	24	98.935206336	-8.00601182776	-66.5684446049	-26.2458753415
-66.974915	-25.801337	3.18	2009	8	24	36.5561819098	14.205747706	-67.0620623929	-25.9021870817
-66.975106	-25.801917	3.26	2009	8	24	36.5806580855	14.1430907522	-67.0618692748	-25.9023222656
-66.976449	-25.800201	2.767	2009	8	25	36.3574118958	14.2112548172	-67.063630681	-25.9010892491
-66.974626	-25.801188	3.267	2009	8	25	36.568860188	14.2365829133	-67.0619623608	-25.9022571049
-66.97356	-25.801137	3.309	2009	8	25	36.6496454546	14.3065436814	-67.0613249589	-25.9027032871
-67.075403	-25.874862	6.358	2009	8	27	33.6368732807	1.57816325791	-67.085092698	-25.8860616668
-67.056128	-26.035195	9.358	2009	8	28	46.1071477279	-11.3079591103	-66.9866712027	-25.9549184044
-67.057524	-26.036407	8.137	2009	8	28	46.079833084	-11.4999745033	-66.986886909	-25.9547676547
-66.975732	-25.799746	2.949	2009	8	29	36.3830435258	14.2952492269	-67.0634284501	-25.9012308169
-67.070296	-26.039028	4.757	2009	8	30	45.2517848618	-12.5136611362	-66.9934258185	-25.9501974977
-67.069198	-26.034245	8.726	2009	8	30	45.0117034147	-12.0265722105	-66.9953215925	-25.9488723872
-67.070959	-26.035227	6.835	2009	8	30	44.9399203989	-12.2208066744	-66.9958884101	-25.9484761818
-66.76241	-26.076782	1.092	2009	8	31	72.1193749576	3.03145356932	-66.7809989201	-26.098334622
-66.796733	-25.995422	1.672	2009	9	5	63.867907156	8.08299888766	-66.8462957171	-26.0528723931
-66.256995	-26.27255	-0.363	2009	9	15	125.35067268	16.6013294021	-66.3585359586	-26.3909067025
-66.97255	-25.801109	3.305	2009	9	16	36.727573886	14.3710444372	-67.0607100931	-25.9031336882
-67.030741	-25.712185	6.507	2009	9	16	26.0577216221	18.6004290982	-67.1448549574	-25.8441796692
-66.659037	-26.067942	-0.133	2009	9	16	79.6831809523	10.127802758	-66.7210992443	-26.1399822707
-66.971615	-25.802106	3.228	2009	9	18	36.8695089522	14.34094072	-67.0595901948	-25.9039175933
-66.971916	-25.802271	3.262	2009	9	19	36.856973232	14.307963994	-67.059689105	-25.903848359
-66.669141	-26.055015	1.325	2009	9	22	78.0054586201	10.6474871353	-66.7343892336	-26.1307465727
-66.66864	-26.054738	-0.003	2009	9	22	78.0262053165	10.7024690126	-66.7342249026	-26.1308607887
