-67.360848	-26.761385	9.084	2008	1	11	59.1702513856	-4.55352596999	-67.3325438427	-26.7291656234
-67.069352	-26.99234	7.996	2008	1	19	97.7660984442	-6.95371578948	-67.0261735953	-26.9430468682
-67.051062	-26.740011	3.904	2008	1	19	81.9277729005	16.2772094685	-67.1520367971	-26.8553576879
-67.655078	-26.629547	8.401	2008	1	22	27.1327742905	-11.1013108041	-67.5859792719	-26.5511296441
-67.681071	-26.609007	4.633	2008	1	26	23.689558603	-10.9078751239	-67.6131702077	-26.5319686153
-67.013574	-26.989307	5.774	2008	1	26	101.915062358	-3.28709635012	-66.9931704808	-26.9659992192
-67.526274	-26.623905	7.839	2008	2	5	36.8030082516	-2.68658282516	-67.5095651936	-26.6049155626
-67.018656	-26.961342	5.685	2008	2	6	99.605079184	-1.14536178125	-67.0115470018	-26.9532211826
-67.503772	-26.415936	2.85	2008	2	6	24.2651397531	16.8732203909	-67.6086254988	-26.5351720054
-67.364604	-26.869338	9.29	2008	2	6	66.2873537921	-14.2271016867	-67.2761358754	-26.7686550373
-67.136393	-27.003375	7.591	2008	2	10	93.2877442035	-12.0103421665	-67.061781778	-26.9182636939
-67.364164	-26.909629	9.713	2008	2	18	69.0874782696	-17.7246849513	-67.2539322006	-26.7841854727
-67.364262	-26.909141	9.419	2008	2	19	69.0463347505	-17.6879951515	-67.2542584933	-26.7839573019
-67.049178	-27.076833	1.466	2008	2	21	105.123255299	-13.129051456	-66.9676415473	-26.9837418921
-67.039026	-26.778418	8.983	2008	2	28	85.4977506229	13.6462399795	-67.1236841349	-26.8751326688
-67.039095	-26.778792	8.934	2008	2	28	85.5179407027	13.6092433015	-67.1235237577	-26.8752444905
-67.037797	-26.777722	8.861	2008	2	28	85.5463025515	13.7823171199	-67.1232984685	-26.8754015708
-67.601668	-26.490686	6.861	2008	3	3	21.7478797417	4.31413241851	-67.6284995632	-26.5211611618
-67.26038	-26.978231	8.034	2008	3	5	81.8900612366	-17.3800445148	-67.1523362491	-26.8551487635
-67.259395	-26.977456	8.812	2008	3	5	81.913754506	-17.2520116892	-67.1521481112	-26.8552800254
-67.090865	-26.814832	6.531	2008	3	6	83.9346658288	7.28817069712	-67.1360993303	-26.8664750554
-67.652584	-26.620799	7.909	2008	3	13	26.7252212702	-10.1839375184	-67.5891981758	-26.5488619359
-67.054451	-27.089714	3.774	2008	3	26	105.593223045	-14.5792748899	-66.9639011414	-26.9863406276
-67.690983	-26.607981	2.071	2008	3	27	22.8451970865	-11.4285947902	-67.61983671	-26.5272690705
-67.212386	-26.687463	7.541	2008	3	29	65.7050857243	11.011506933	-67.2807522255	-26.7654251475
-67.212594	-26.687459	7.713	2008	3	29	65.6885394956	10.9991194454	-67.2808834039	-26.765333362
-67.212952	-26.687506	7.513	2008	3	29	65.6637542494	10.9730805604	-67.2810799007	-26.7651958727
-66.990869	-26.925832	2.411	2008	4	4	99.3479829328	3.6620814726	-67.013592012	-26.9517988669
-67.130245	-26.951786	5.289	2008	4	7	90.2345819574	-7.11583976501	-67.0860490414	-26.9013624003
-67.129171	-26.950537	5.651	2008	4	8	90.2329136697	-6.94086005221	-67.0860622994	-26.9013531641
-67.010881	-26.889803	2.68	2008	4	10	95.3192423249	5.60032880989	-67.0456309182	-26.9295070946
-67.011133	-26.890002	2.608	2008	4	11	95.3131506354	5.56750956124	-67.0456793533	-26.9294733827
-67.621334	-26.661865	2.595	2008	4	16	31.9911884329	-11.8476273128	-67.5475971104	-26.5781572796
-67.620785	-26.661951	2.55	2008	4	16	32.039957657	-11.8213733431	-67.5472117348	-26.5784285334
-67.621232	-26.661837	2.548	2008	4	16	31.997222762	-11.8389085155	-67.5475494271	-26.5781908425
-67.620968	-26.662382	2.52	2008	4	17	32.0553358135	-11.8702713851	-67.5470902158	-26.5785140663
-67.051493	-26.740466	3.926	2008	4	17	81.9251728769	16.2109917521	-67.1520574428	-26.8553432836
-67.621436	-26.661926	2.628	2008	4	17	31.9874252057	-11.8592282862	-67.5476268474	-26.5781363485
-67.619539	-26.661271	2.474	2008	4	18	32.0904137585	-11.6853504918	-67.5468130275	-26.5787091685
-67.619364	-26.661068	2.612	2008	4	18	32.0901027233	-11.6568576361	-67.5468154853	-26.5787074386
-67.61945	-26.660905	2.692	2008	4	18	32.0721725183	-11.6479104785	-67.5469571712	-26.5786077115
-67.620121	-26.66146	2.584	2008	4	18	32.0579937997	-11.7376520788	-67.5470692123	-26.5785288499
-67.61888	-26.661485	2.787	2008	4	18	32.1565783277	-11.6635113319	-67.546290188	-26.5790771719
-67.621867	-26.662246	2.762	2008	4	19	31.9758076638	-11.913684465	-67.5477186492	-26.5780717317
-66.982959	-27.062099	1.136	2008	4	19	109.284541757	-7.80389956888	-66.9345164555	-27.0067487232
-67.621236	-26.661615	2.686	2008	4	19	31.9816323217	-11.8197653412	-67.5476726228	-26.5781041285
-67.620528	-26.661879	2.671	2008	4	19	32.0550620384	-11.7992787491	-67.5470923792	-26.5785125436
-67.621639	-26.66319	2.796	2008	4	19	32.0585705878	-11.98210925	-67.5470646545	-26.578532058
-67.583875	-26.637054	5.758	2008	4	22	33.2083966599	-7.37675150295	-67.5379781554	-26.5849270667
-67.613599	-26.54044	9.38	2008	4	24	24.2390128071	-0.766314930738	-67.608831799	-26.5350265993
-67.5837	-26.63609	5.721	2008	5	2	33.1557433631	-7.28177617382	-67.5383942702	-26.5846342365
-67.568355	-26.523594	8.461	2008	5	5	26.616061816	3.49023185075	-67.5900603089	-26.5482545382
-67.596578	-26.663652	5.42	2008	5	6	34.0465449144	-10.4813409665	-67.5313540503	-26.5895882477
-67.596908	-26.662459	5.202	2008	5	8	33.9387007866	-10.3974210898	-67.5322064009	-26.588988513
-67.34609	-26.925857	9.585	2008	5	13	71.6111989025	-18.0381628641	-67.2339150726	-26.7981799125
-67.584037	-26.636023	5.821	2008	5	15	33.1248185426	-7.29664665962	-67.5386386656	-26.5844622482
-67.342981	-26.913432	10.811	2008	5	21	71.0009726359	-16.760878049	-67.2387555924	-26.7947963669
-67.364929	-26.909469	9.458	2008	5	23	69.0168210916	-17.7575163985	-67.2544925536	-26.7837936267
-67.583785	-26.636863	5.829	2008	5	28	33.2022846046	-7.35453154416	-67.5380264586	-26.5848930747
-67.346615	-26.923779	8.756	2008	5	29	71.427627324	-17.8884927666	-67.2353712544	-26.7971620733
-67.000614	-26.88312	5.844	2008	5	30	95.6649545521	6.81256005527	-67.0428821089	-26.9314202685
-67.136003	-27.014339	10.936	2008	6	3	94.0690869739	-12.9469889234	-67.055570311	-26.9225882816
-67.639156	-26.619271	7.46	2008	6	3	27.6683463543	-9.22413787064	-67.5817490644	-26.5541095663
-67.120907	-26.990448	7.301	2008	6	12	93.6112696425	-9.93292589581	-67.0592098947	-26.9200543803
-67.6835	-26.578573	1.577	2008	6	18	21.4041727147	-8.40037514778	-67.6312127943	-26.5192479056
-67.12052	-26.990222	7.435	2008	6	18	93.6260053899	-9.88951209405	-67.0590927501	-26.9201359404
-67.119275	-26.990009	7.695	2008	6	22	93.7086129979	-9.79488328267	-67.0584360423	-26.9205931586
-66.974259	-27.188928	8.072	2008	6	22	118.635950831	-18.3954343138	-66.8600269322	-27.0584222945
-67.661943	-26.574713	8.665	2008	6	23	22.8216807666	-6.73587033354	-67.620022371	-26.527138179
-67.120133	-26.99054	7.968	2008	6	27	93.6779928288	-9.89375731239	-67.0586794648	-26.9204236818
-67.364872	-26.910598	10.156	2008	6	27	69.0987686445	-17.8527880533	-67.2538426609	-26.7842480859
-66.910116	-27.181836	4.285	2008	6	28	123.155392666	-13.8733525509	-66.8240023039	-27.083381544
-67.280514	-26.732381	6.394	2008	6	28	63.4572877417	2.9066785979	-67.2985708032	-26.7529550211
-67.3639	-26.910189	9.042	2008	6	30	69.1465130065	-17.7575119483	-67.2534640174	-26.784512862
-67.691715	-26.60434	1.433	2008	6	30	22.5373093896	-11.155804897	-67.6222674453	-26.5255553529
-67.682609	-26.574384	1.766	2008	7	10	21.1852764641	-7.97977845601	-67.6329407191	-26.5180293858
-67.68182	-26.573832	1.333	2008	7	11	21.2088718372	-7.88299313508	-67.6327544635	-26.5181607341
-67.370801	-26.481958	8.293	2008	7	17	39.2102935656	19.2788216426	-67.490531688	-26.6182985584
-67.175317	-26.987819	9.372	2008	7	18	89.184278604	-13.0236412826	-67.0943954241	-26.8955473107
-67.329838	-26.916351	8.394	2008	7	22	72.226642122	-16.2120131049	-67.2290328778	-26.8015922181
-67.554069	-26.539937	9.575	2008	7	24	28.8568611158	2.94143586398	-67.5723608136	-26.5607220148
-67.620414	-26.660815	2.275	2008	7	25	31.9907352202	-11.6993386313	-67.5476006917	-26.5781547588
-66.985083	-26.957874	5.683	2008	7	25	101.991441565	1.20537133864	-66.992562793	-26.9664216822
-67.602283	-26.490027	6.409	2008	7	26	21.6544559288	4.33382168809	-67.6292370618	-26.5206411202
-67.625895	-26.664874	3.615	2008	8	6	31.8422895168	-12.3909438877	-67.548773702	-26.5773290992
-67.288289	-26.943199	8.175	2008	8	6	77.3101740068	-16.0199300771	-67.1886949401	-26.8297712937
-67.119958	-26.990397	7.847	2008	8	7	93.6818622602	-9.87055105058	-67.0586487039	-26.9204450984
-67.048271	-26.977883	6.01	2008	8	8	98.4231605671	-4.40108434218	-67.020947862	-26.9466822924
-67.288082	-26.942529	8.295	2008	8	10	77.2803664538	-15.9486356277	-67.1889315221	-26.8296060975
-67.663672	-26.533852	4.156	2008	8	15	19.8733991251	-3.27451489724	-67.6432956576	-26.5107261818
-67.080912	-27.110105	3.817	2008	8	22	104.924431315	-17.9784627506	-66.9692239069	-26.9826424445
-67.620292	-26.553198	8.963	2008	8	31	24.5940472724	-2.29264824854	-67.6060283767	-26.5370024717
-67.081319	-27.110069	3.461	2008	9	10	104.890220235	-18.000106479	-66.9694961759	-26.9824532639
-67.081258	-27.109918	3.528	2008	9	10	104.884642333	-17.983157727	-66.9695405675	-26.9824224191
-67.353442	-26.911798	7.864	2008	9	12	70.0727533018	-17.2581505521	-67.2461179863	-26.7896493172
-67.081006	-27.110472	4.064	2008	9	24	104.942220383	-18.0163501569	-66.9690823321	-26.9827408144
-67.081274	-27.110732	3.574	2008	9	25	104.939113025	-18.0554628953	-66.9691070621	-26.9827236313
-66.916589	-27.084332	1.291	2008	10	2	115.987263088	-5.71390986239	-66.8811322622	-27.0437902824
-67.345382	-26.495351	4.386	2008	10	3	42.1198369302	19.6688270512	-67.4675210676	-26.6344704124
-67.066089	-26.9999	9.471	2008	10	9	98.5383103414	-7.41726237727	-67.0200320204	-26.9473193787
-67.119877	-26.990592	7.439	2008	10	18	93.7015386394	-9.88269223809	-67.0584922817	-26.9205540034
-67.091366	-27.037858	11.122	2008	10	20	99.1631829537	-12.2848867974	-67.0150619271	-26.9507764925
-67.589001	-26.524453	5.971	2008	10	22	25.061327099	2.14440364787	-67.6023384956	-26.5396029393
-67.589506	-26.523977	5.806	2008	10	22	24.9891073658	2.15489854666	-67.6029087906	-26.5392010341
-67.411633	-26.457343	3.375	2008	10	31	34.3232313285	18.921930369	-67.5291672067	-26.5911269124
-67.348905	-26.520632	4.563	2008	11	7	43.5791563345	17.2407202293	-67.4559773381	-26.6425802219
-67.347375	-26.520809	4.501	2008	11	7	43.7110727624	17.3191956869	-67.4549337519	-26.6433132691
-67.347843	-26.520673	4.379	2008	11	7	43.6651034572	17.3023530746	-67.455297415	-26.6430578229
-67.349333	-26.521165	4.666	2008	11	7	43.5822353302	17.1678062555	-67.4559529804	-26.6425973317
-67.349776	-26.521134	4.819	2008	11	7	43.5454301023	17.1433124784	-67.4562441429	-26.6423928072
-67.347559	-26.520778	4.401	2008	11	7	43.6945415707	17.3106080186	-67.4550645303	-26.6432214073
-67.349129	-26.520931	4.672	2008	11	7	43.5821436311	17.2008058436	-67.4559537058	-26.6425968221
-67.3495	-26.52112	4.537	2008	11	7	43.5660741618	17.1614871686	-67.4560808299	-26.6425075251
-67.348022	-26.52054	4.349	2008	11	7	43.6419629761	17.302995906	-67.4554804786	-26.6429292335
-67.081323	-27.067299	12.149	2008	11	15	101.962282436	-14.2524422863	-66.9927947892	-26.9662603997
-67.00485	-26.883805	6.378	2008	11	18	95.3805623204	6.49409199358	-67.0451433606	-26.9298464438
-66.895752	-27.155912	11.485	2008	11	19	122.505162081	-10.7259918489	-66.8291863026	-27.0797911201
-66.955054	-26.891095	10.394	2008	11	21	99.7733685155	8.89181705773	-67.0102083569	-26.9541521821
-67.118762	-26.99188	7.635	2008	11	21	93.8767802533	-9.927497867	-67.0570991424	-26.9215239247
-66.985173	-26.960972	3.745	2008	11	22	102.196259385	0.928248147204	-66.9909332001	-26.9675545423
-67.12002	-26.990562	7.69	2008	12	2	93.6883208281	-9.88878961077	-67.05859736	-26.9204808454
-67.540649	-26.483374	10.518	2008	12	2	26.0163147859	8.70966911753	-67.594796903	-26.5449172634
-67.540824	-26.484076	10.408	2008	12	4	26.0509012943	8.6375558213	-67.5945237582	-26.5451097232
-67.541467	-26.484288	10.858	2008	12	4	26.0151895785	8.57945449803	-67.5948057892	-26.544911002
-66.88717	-26.842436	8.495	2008	12	5	101.75985429	17.2983731848	-66.9944053323	-26.9651407359
-67.541606	-26.484843	10.319	2008	12	9	26.0424835768	8.5224023639	-67.5945902367	-26.5450628821
-67.373067	-26.859591	10.007	2008	12	14	64.9578348522	-13.8927607977	-67.2866762113	-26.7612798652
-67.640784	-26.623307	5.057	2008	12	21	27.819059136	-9.67677739814	-67.5805586222	-26.5549481095
-67.348413	-26.840798	8.394	2009	1	18	65.5920203444	-10.7389047523	-67.2816486025	-26.7647979471
-67.224125	-26.865948	7.85	2009	1	20	77.0216734849	-5.33420939162	-67.190984735	-26.8281723813
-67.552604	-26.53161	8.703	2009	1	26	28.3986970366	3.75914973009	-67.5759800465	-26.5581730353
-67.22439	-26.865385	8.088	2009	1	26	76.9623833148	-5.30112222898	-67.1914553062	-26.8278437819
-67.652641	-26.59553	2.821	2009	1	28	24.9811996043	-7.98090913498	-67.6029712353	-26.539157027
-67.120597	-26.990574	7.735	2009	1	28	93.6440982996	-9.92504865683	-67.0589489169	-26.9202360816
-67.368115	-26.498726	8.814	2009	2	1	40.5716900501	17.9770915932	-67.4797656622	-26.6258659473
-67.355412	-26.913963	9.893	2009	2	1	70.0676812261	-17.5681222112	-67.2461582149	-26.7896211911
-67.610677	-26.526379	8.106	2009	2	13	23.4997501312	0.641721429783	-67.6146688534	-26.5309122069
-67.039958	-26.801676	7.105	2009	3	1	87.0161700523	11.5507046672	-67.1116218847	-26.8835418509
-67.643009	-26.568557	6.034	2009	3	2	23.8766107622	-5.03253952215	-67.6116932976	-26.5330096677
-67.049723	-26.740883	4.048	2009	3	7	82.0922504933	16.2826092116	-67.1507307385	-26.8562688938
-67.050313	-26.976921	2.616	2009	3	17	98.1978331255	-4.44129313339	-67.0227399696	-26.9454356118
-67.009957	-26.931177	6.187	2009	3	22	98.2214951848	2.0295166594	-67.0225517789	-26.9455665292
-67.12146	-26.99079	7.592	2009	3	25	93.5915186216	-9.9966313888	-67.0593669088	-26.9199450614
-67.224833	-26.819397	8.194	2009	3	25	73.7753461322	-1.30186943286	-67.2167460014	-26.8101782177
-67.635042	-26.72797	4.794	2009	3	26	35.4713319052	-18.4637983399	-67.5200923476	-26.5975111903
-67.63658	-26.728404	4.284	2009	3	26	35.3812409433	-18.5962503911	-67.5208044845	-26.5970102395
-67.642497	-26.733545	3.781	2009	3	26	35.2736120674	-19.408967018	-67.5216552442	-26.5964117645
-67.633675	-26.727875	4.453	2009	3	26	35.571419948	-18.3714647894	-67.51930118	-26.5980677256
-67.641361	-26.733112	4.386	2009	3	27	35.3324068003	-19.3013160972	-67.5211904984	-26.5967386958
-67.639917	-26.730615	4.381	2009	3	27	35.2731518953	-18.9944846433	-67.5216588817	-26.5964092057
-67.632638	-26.726919	4.58	2009	3	27	35.5865067852	-18.2242255866	-67.5191819222	-26.598151615
-67.63575	-26.728931	4.273	2009	3	29	35.482254487	-18.5912483057	-67.5200060081	-26.597571925
-67.224768	-26.818412	8.883	2009	4	1	73.7129040278	-1.21165424115	-67.2172414313	-26.8098320599
-67.071086	-27.072166	9.008	2009	4	4	103.094232269	-14.0550179074	-66.9837882678	-26.9725210653
-66.996692	-26.806047	9.645	2009	4	8	90.7005102505	13.809202206	-67.0823462017	-26.903941893
-67.364832	-26.908038	8.851	2009	4	20	68.9261552734	-17.6264000637	-67.2552115812	-26.7832908149
-67.110616	-26.80412	6.25	2009	4	27	81.6567365841	7.0198718615	-67.154188955	-26.8538561204
-67.59823	-26.572516	1.772	2009	4	29	27.6469697271	-2.62209019518	-67.5819179115	-26.5539906292
-67.640601	-26.62087	2.776	2009	4	29	27.6655974231	-9.45269725466	-67.5817707773	-26.5540942716
-67.047782	-26.74188	3.88	2009	5	2	82.3124011849	16.3138379646	-67.1489825666	-26.8574885099
-67.114225	-27.004336	4.882	2009	5	3	95.0838702559	-10.7419614236	-67.0475023431	-26.9282045134
-67.550444	-26.532314	11.307	2009	5	3	28.6159695921	3.83054236686	-67.5742637382	-26.5593818348
-67.112244	-26.802869	6.392	2009	5	5	81.4437699178	7.02998201084	-67.1558799721	-26.8526762415
-67.112732	-26.804195	6.202	2009	5	5	81.4964020049	6.88398355961	-67.1554620613	-26.8529678359
-67.112712	-26.803123	6.364	2009	5	5	81.4245642073	6.97912649536	-67.1560324692	-26.852569837
-67.111995	-26.803434	6.507	2009	5	5	81.5019280247	6.99569834638	-67.1554181833	-26.8529984513
-67.112956	-26.802779	6.382	2009	5	5	81.3819291591	6.99435302569	-67.156370999	-26.8523336273
-67.114103	-26.802647	6.458	2009	5	5	81.2831959889	6.93581780641	-67.1571549523	-26.8517866158
-67.113509	-26.802165	6.566	2009	5	5	81.2966427587	7.01434985043	-67.1570481838	-26.8518611152
-67.110799	-26.80375	6.239	2009	5	10	81.6170919263	7.04110511837	-67.1545037477	-26.8536364824
-66.998531	-26.807646	9.532	2009	5	18	90.6659629538	13.5567537878	-67.0826207629	-26.9037506341
-67.678076	-26.610223	4.927	2009	5	18	24.0070822109	-10.8296488222	-67.6106631167	-26.533735807
-66.997493	-26.806303	9.513	2009	5	19	90.6553376516	13.7378625872	-67.0827052062	-26.9036918107
-66.997241	-26.806612	9.592	2009	5	19	90.6961905903	13.7261537122	-67.0823805318	-26.9039179788
-66.997978	-26.80663	9.602	2009	5	19	90.6397493373	13.6795873868	-67.0828290923	-26.9036055113
-66.997595	-26.807444	9.515	2009	5	19	90.7253914623	13.6315994224	-67.0821484602	-26.9040796388
-66.998201	-26.807332	9.591	2009	5	19	90.6703107087	13.6044274753	-67.0825862096	-26.9037747039
-66.997974	-26.806561	9.828	2009	5	20	90.6353432604	13.6858810972	-67.082864109	-26.9035811185
-67.640462	-26.62086	2.557	2009	5	23	27.6757609346	-9.44327035075	-67.5816904989	-26.5541508202
-67.384403	-26.830007	8.227	2009	6	1	62.0420453553	-11.9994800774	-67.3097876019	-26.7451025272
-67.545382	-26.500496	11.717	2009	6	2	26.8236035868	6.92223647991	-67.5884211518	-26.5494093618
-67.604041	-26.748047	-0.568	2009	6	5	39.2711361202	-18.3119577327	-67.490050571	-26.618636772
-66.996692	-26.805503	9.49	2009	7	4	90.6633051727	13.8568975088	-67.0826418853	-26.9037359202
-67.110592	-27.003168	4.863	2009	7	6	95.2874907591	-10.4179928065	-67.0458833749	-26.9293313785
-67.111739	-27.004049	5.401	2009	7	6	95.2582768531	-10.5651539496	-67.046115654	-26.9291697057
-66.998682	-26.807353	9.51	2009	7	9	90.6341077953	13.5732249061	-67.0828739277	-26.9035742787
-67.156348	-26.931832	4.058	2009	7	13	86.829516142	-6.96177643884	-67.1131047511	-26.8825081952
-67.020634	-27.023643	1.987	2009	7	26	103.712414989	-6.72741679698	-66.9788691853	-26.975939911
-67.246126	-26.717076	7.362	2009	8	3	65.0962242378	6.35261669929	-67.2855791335	-26.7620475819
-67.247196	-26.71604	7.613	2009	8	3	64.9415234771	6.3777768956	-67.2868055183	-26.7611893771
-67.196159	-26.897874	5.746	2009	8	11	81.3939473455	-6.4200104472	-67.1562755726	-26.8524002114
-67.194991	-26.897009	6.516	2009	8	13	81.4258841836	-6.27288156603	-67.1560219884	-26.85257715
-67.193302	-26.896743	5.794	2009	8	13	81.5395592452	-6.14636545562	-67.1551193814	-26.8532069365
-67.632821	-26.726127	2.215	2009	8	21	35.5177197696	-18.1663083168	-67.5197256656	-26.5977691286
-67.002852	-27.01497	2.923	2009	8	21	104.507915247	-4.88351545247	-66.9725386893	-26.9803391561
-67.193726	-26.896995	6.343	2009	8	22	81.5237155199	-6.19434532575	-67.1552451849	-26.8531191588
-67.420024	-26.82242	8.981	2009	8	30	58.7410166687	-13.5188295059	-67.3359445726	-26.726783291
-67.090458	-27.112516	8.06	2009	9	4	104.344893713	-18.7713868718	-66.9738360355	-26.9794376436
-67.155884	-27.051729	7.265	2009	9	11	95.0789125492	-17.4351145921	-67.047541761	-26.9281770765
-67.637162	-26.717615	0.44	2009	9	20	34.5932167279	-17.6898264319	-67.5270332691	-26.5926282801
-67.126546	-26.965031	7.335	2009	9	23	91.4304700997	-8.05036484125	-67.0765447022	-26.9079829346
