-69.09  -28.06
-68.81  -27.56
-68.50  -26.91
-68.40  -26.35
-68.30  -25.82
-68.12  -25.17
-67.85  -24.52
-67.57  -24.08
-67.20  -23.43
-67.16  -22.90
-67.40  -22.25
-67.67  -21.75
-67.88  -21.10
-68.01  -20.42
-68.11  -19.67
-68.32  -18.99
-68.56  -18.34
-68.76  -17.81
-68.97  -17.28
-69.38  -16.73
-69.58  -16.26
-70.06  -15.86
-70.33  -15.64
-70.68  -15.27
-71.94  -14.77
-72.49  -14.52
-71.56  -14.43
-70.81  -14.37
-70.09  -14.49
-69.34  -14.89
-68.86  -15.42
-68.31  -15.92
-67.94  -16.48
-67.56  -16.94
-66.98  -17.53
-66.67  -18.03
-66.50  -18.90
-66.40  -19.73
-66.30  -20.29
-65.72  -20.98
-65.21  -21.57
-65.21  -22.34
-65.41  -22.99
-65.76  -23.65
-66.10  -24.24
-66.48  -24.92
-66.17  -25.67
-66.28  -26.10
-66.45  -26.54
-66.86  -26.66
-67.10  -26.91
-67.37  -27.16
-67.51  -26.88
-67.61  -26.63
-67.82  -26.75
-67.85  -27.19
-67.89  -27.72
-68.23  -28.03
-68.71  -28.22
-68.99  -28.25
-69.05  -28.09
