-66.14	-25.32
-65.56	-25.26
-65.25	-25.01
-65.07	-24.48
-65.04	-23.8
-64.87	-23.18
-64.66	-22.68
-64.45	-21.63
-64.35	-20.85
-64.35	-20.17
-64.62	-19.36
-65	-18.74
-65.41	-18.21
-65.71	-17.62
-66.36	-16.94
-66.98	-16.6
-67.46	-16.13
-68.04	-15.67
-68.66	-15.3
-68.86	-14.71
-69.37	-14.21
-70.09	-13.96
-70.81	-13.65
-71.36	-13.37
-72.08	-13.16
-72.8	-13.03
-73.24	-13.04
-73.82	-12.97
-74.1	-12.73
-74.3	-12.38
-74.68	-11.86
-74.88	-11.55
-75.19	-11.21
-75.57	-10.83
-75.84	-10.37
-76.28	-10.00
-76.97	-10.00
-76.87	-10.4
-76.52	-10.74
-76.22	-11.24
-75.94	-11.77
-75.46	-12.17
-75.19	-12.6
-74.82	-13.19
-74.27	-13.5
-73.82	-13.94
-72.49  -14.52
-71.56  -14.43
-70.81  -14.37
-70.09  -14.49
-69.34  -14.89
-68.86  -15.42
-68.31  -15.92
-67.94	-16.48
-66.98	-17.53
-66.67	-18.03
-66.5	-18.9
-66.4	-19.73
-66.3	-20.29
-65.72	-20.98
-65.21	-21.57
-65.21	-22.34
-65.41	-22.99
-65.76	-23.65
-66.1	-24.24
-66.48	-24.92