-77.07  -11.27
-76.77  -11.80
-76.49  -12.39
-76.08  -12.98
-75.67  -13.57
-75.16  -14.22
-74.51  -14.62
-73.76  -15.30
-73.00  -15.58
-71.98  -15.89
-71.40  -16.26
-70.71  -16.79
-70.10  -17.50
-69.69  -18.22
-69.31  -19.12
-69.04  -19.92
-69.01  -21.01
-68.91  -21.82
-68.36  -22.16
-67.98  -22.69
-68.05  -23.34
-68.50  -23.74
-69.05  -24.30
-69.29  -25.02
-69.43  -25.92
-69.70  -26.70
-70.11  -27.57
-70.53  -28.37
-70.63  -29.43
-70.67  -30.14
-70.80  -30.83
-70.64  -31.82
-70.50  -32.78
-70.57  -33.75
-70.74  -34.49
-71.16  -35.39
-71.36  -36.42
-71.64  -37.47
-71.81  -38.84
-71.64  -40.05
-71.51  -40.64
-70.79  -40.70
-70.31  -40.70
-70.48  -39.93
-70.58  -39.21
-70.78  -38.50
-70.85  -37.69
-70.58  -37.01
-70.27  -36.17
-69.89  -35.55
-69.58  -34.83
-69.44  -33.93
-69.47  -33.09
-69.47  -32.38
-69.54  -31.70
-69.64  -31.04
-69.57  -30.45
-69.50  -29.74
-69.23  -29.27
-69.12  -28.53
-69.09  -28.06
-68.81  -27.56
-68.50  -26.91
-68.40  -26.35
-68.30  -25.82
-68.12  -25.17
-67.85  -24.52
-67.57  -24.08
-67.20  -23.43
-67.16  -22.90
-67.40  -22.25
-67.67  -21.75
-67.88  -21.10
-68.01  -20.42
-68.11  -19.67
-68.32  -18.99
-68.56  -18.34
-68.76  -17.81
-68.97  -17.28
-69.38  -16.73
-69.58  -16.26
-70.06  -15.86
-70.33  -15.64
-70.68  -15.27
-71.46  -14.96
-71.94  -14.77
-72.49  -14.52
-73.17  -14.28
-73.82  -13.94
-74.27  -13.50
-74.82  -13.19
-75.23  -12.63
-75.46  -12.17
-75.94  -11.77
-76.25  -11.24
-76.52  -10.77
-76.87  -10.40
-77.11  -10.21
-77.41  -10.00
-77.62  -10.49
-77.59  -10.68
-77.45  -10.01
