-67.2805 -26.5914 13.64 3.52189
-66.778 -25.9514 -0.83 4.59419
-66.4141 -26.4465 3.28 4.34281
-67.3258 -25.8471 7.0 4.08231
-67.8322 -26.2063 7.77 3.97147
-68.2047 -26.7605 4.54 4.81664
-66.7758 -25.9444 1.89 4.60706
-67.5115 -26.4831 2.76 3.03572
-66.7113 -26.0656 2.25 4.61808
-67.3335 -25.8395 6.72 4.02817
-68.189 -26.7842 0.81 4.89875
-67.0718 -26.4381 1.87 4.94347
-67.073 -26.4397 2.36 4.94347
-67.3357 -25.837 5.79 4.02817
-67.3883 -26.5125 19.28 3.07242
-67.039 -26.9763 8.87 3.93672
-67.374 -26.7614 10.23 3.95444
-67.4625 -26.4218 2.54 3.04892
-67.3324 -25.8334 6.17 4.08231
-67.1662 -25.6799 9.75 4.521
-66.7781 -25.9479 -0.9 4.60706
-68.011 -26.9664 6.94 4.42733
-67.3352 -25.8365 5.18 4.02817
-68.0079 -26.9789 -0.03 4.42472
-66.5943 -26.9067 2.15 3.34483
-66.7892 -25.9477 1.2 4.68136
-66.7926 -25.9523 -0.68 4.66703
-66.7838 -25.948 1.22 4.68136
-67.2448 -26.5288 0.66 3.55228
-67.6271 -26.6697 4.84 3.68808
-67.0419 -26.7257 4.3 3.86275
-67.5534 -26.5217 21.97 3.12456
-67.4378 -26.9097 9.59 4.30403
-67.0937 -26.5164 5.84 4.99744
-67.3304 -26.9837 1.06 4.18519
-68.018 -26.9578 7.88 4.38306
-67.6507 -26.6242 9.3 3.76678
-68.0109 -26.9617 4.95 4.42733
-67.2333 -26.5242 -0.9 3.64953
-67.8818 -26.4868 3.19 4.74783
-66.7844 -25.9501 2.29 4.66703
-67.1953 -25.7027 5.21 4.41139
-67.328 -25.8384 6.64 4.08231
-67.1965 -25.7124 5.05 4.41139
-67.1974 -25.7077 5.42 4.41139
-67.0393 -26.7298 4.13 3.86275
-67.1975 -25.7073 5.61 4.41139
-67.2508 -25.8695 38.1 4.27336
-66.939 -25.9592 3.43 5.35456
-66.9272 -25.968 2.37 5.35889
-67.0483 -25.6757 9.58 4.72422
-66.9349 -25.9628 2.79 5.35456
-66.9331 -25.9642 2.17 5.36625
-66.9386 -25.965 2.92 5.35456
-66.9395 -25.9645 1.35 5.35456
-66.9372 -25.9632 2.94 5.35456
-66.9402 -25.9659 2.79 5.35456
-66.9411 -25.966 3.09 5.35456
-66.9379 -25.9695 0.79 5.34539
-66.9758 -25.9575 -0.9 5.12394
-66.9329 -25.961 2.32 5.36625
-67.1007 -25.889 7.86 5.03692
-67.6754 -26.609 6.0 3.83792
-67.01 -26.9901 8.0 3.60947
-66.9972 -25.8084 5.2 4.74508
-67.0333 -26.7235 4.6 3.79833
-67.6107 -26.5309 5.19 3.39472
-67.3913 -26.9418 9.57 4.23961
-66.9899 -26.7738 8.87 3.77036
-67.1971 -25.7081 5.55 4.41139
-67.2263 -26.2576 7.1 3.87842
-68.0171 -26.9572 7.08 4.38306
-67.826 -26.0596 -0.9 4.39903
-67.1936 -25.7075 4.4 4.41139
-67.5993 -26.4794 11.67 3.30503
-67.199 -25.709 6.62 4.41139
-67.879 -26.1215 0.66 4.20689
-67.8137 -25.9973 3.41 4.00253
-67.0523 -26.9399 7.72 4.04642
-67.5271 -26.618 9.09 3.33886
-67.0163 -26.9613 8.29 3.79928
-67.1268 -26.5688 6.21 4.82686
-67.3652 -26.8665 11.0 4.07319
-67.3687 -26.8645 11.9 4.09119
-67.497 -26.4088 8.9 3.032
-67.3638 -26.8693 9.8 4.09722
-67.6067 -26.6563 7.07 3.60833
-67.1312 -26.5683 6.37 4.82686
-67.9433 -26.1574 1.02 3.52083
-67.8452 -26.0511 1.56 4.35269
-68.0247 -26.5041 6.23 4.51719
-67.3786 -26.8581 8.53 4.09119
-67.6692 -26.6192 4.42 3.85083
-67.1905 -25.708 2.99 4.41139
-67.6653 -25.7522 3.36 3.86267
-67.6692 -26.5868 3.45 3.81178
-67.1755 -26.4444 4.79 3.84514
-67.1899 -26.4544 8.63 3.78197
-67.6624 -25.7463 8.23 3.73461
-67.8798 -26.3089 -0.22 4.07147
-67.1841 -26.4563 8.79 3.78197
-67.2181 -25.6345 14.69 4.52019
-67.1826 -26.448 6.96 3.84514
-67.3886 -26.5102 11.64 3.07242
-67.9646 -26.9314 9.04 4.30658
-67.5959 -26.6633 4.24 3.57106
-67.6144 -26.6987 4.82 3.70728
-67.3314 -25.828 4.28 4.12072
-67.7669 -25.929 6.31 3.78964
-67.3524 -26.916 7.03 4.16744
-67.3625 -26.9097 6.36 4.16744
-67.4374 -26.4005 11.78 3.04789
-67.4277 -26.4036 10.64 3.053
-67.7068 -26.6035 4.38 3.95397
-67.3609 -26.9072 8.96 4.16744
-66.9157 -26.7557 7.63 3.5295
-68.0187 -26.9567 6.57 4.38306
-67.7055 -26.6005 4.43 3.95397
-66.9622 -26.893 6.92 3.37014
-67.7051 -26.6006 4.7 3.95397
-67.1244 -25.7297 7.71 4.52122
-67.1201 -25.7257 2.82 4.52122
-67.6347 -26.7087 1.74 3.81211
-67.9188 -26.1943 -0.9 3.67967
-67.8013 -26.0149 -0.9 4.07933
-66.9926 -25.9651 6.1 4.98836
-66.9953 -25.9625 5.31 4.98836
-67.3684 -26.9135 10.03 4.19153
-67.9463 -26.4808 -0.52 4.88072
-67.8978 -26.2994 -0.9 4.02319
-67.3155 -26.5123 8.14 3.29361
-67.8314 -26.03 3.87 4.1565
-67.2938 -26.5018 2.96 3.34656
-67.2957 -26.5015 5.44 3.34656
-67.8764 -26.4196 5.81 4.45733
-67.2961 -26.5007 5.99 3.34656
-67.2922 -26.5007 5.09 3.34656
-67.2914 -26.498 3.72 3.37031
-67.2957 -26.4997 3.93 3.37031
-67.2931 -26.5001 5.19 3.34656
-67.2927 -26.5027 2.79 3.34656
-67.2944 -26.5004 5.52 3.34656
-67.2975 -26.4993 4.34 3.37031
-67.295 -26.4992 6.08 3.37031
-67.2969 -26.4996 5.2 3.37031
-67.2959 -26.4973 3.65 3.37031
-67.2948 -26.4986 4.39 3.37031
-67.2989 -26.497 4.65 3.37031
-67.7686 -25.9627 1.4 3.90189
-67.3 -26.5033 4.61 3.32071
-67.2967 -26.497 3.73 3.37031
-67.3 -26.5004 4.03 3.32071
-67.7628 -25.9606 5.29 3.88553
-67.2983 -26.5015 4.45 3.34656
-67.62 -26.6925 4.21 3.73225
-67.1551 -26.2867 13.12 4.38261
-67.2881 -26.498 4.41 3.37031
-67.2963 -26.498 5.44 3.37031
-67.2975 -26.4973 4.54 3.37031
-67.2948 -26.4989 4.28 3.37031
-67.2269 -26.8489 7.84 3.97847
-67.3028 -26.5034 4.53 3.29361
-67.0375 -26.7803 8.79 3.83369
-67.5523 -26.5231 9.23 3.12456
-67.0416 -26.7799 8.31 3.83369
-67.0396 -26.7772 9.24 3.83369
-67.8703 -26.0907 4.05 4.23372
-67.2179 -26.0279 9.76 4.49122
-67.0562 -26.5422 10.13 5.20497
-66.764 -26.0693 1.24 4.65208
-67.6016 -26.484 7.01 3.39425
-67.2907 -25.8345 11.75 4.17069
-67.3001 -25.8621 11.47 4.10486
-67.299 -25.8629 10.87 4.14889
-67.2762 -25.8549 10.12 4.20153
-67.2977 -25.8681 9.86 4.12869
-67.2992 -25.8608 10.84 4.14889
-67.307 -25.8616 9.86 4.10486
-67.2938 -25.8668 10.3 4.12869
-67.2836 -25.8583 8.52 4.14889
-67.2523 -25.9385 2.29 4.27478
-67.304 -25.8628 9.87 4.10486
-68.1423 -26.7695 -0.9 4.93097
-68.1302 -26.7659 -0.31 4.98136
-68.1377 -26.7627 -0.53 4.91239
-68.1171 -26.7745 -0.81 4.97608
-68.1345 -26.7652 -0.59 4.91239
-68.1431 -26.7558 0.63 4.91239
-67.2647 -26.9706 9.57 4.20283
-67.2634 -26.9796 7.06 4.20283
-68.1413 -26.7645 -0.17 4.91239
-68.1369 -26.7653 -0.83 4.91239
-68.1386 -26.7624 -0.68 4.91239
-68.137 -26.7629 -0.55 4.91239
-68.2165 -26.7128 18.57 4.4965
-68.1394 -26.7613 0.91 4.91239
-68.1151 -26.7824 -0.9 5.01742
-68.136 -26.7543 -0.82 4.91239
-68.1358 -26.7622 -0.85 4.91239
-68.1339 -26.763 -0.44 4.91239
-68.1444 -26.7544 -0.8 4.91239
-67.0805 -26.804 10.1 3.90778
-67.9245 -26.043 1.39 3.52606
-66.9703 -26.0123 18.82 4.99606
-67.5823 -26.7412 6.69 3.87547
-67.3152 -26.7473 6.25 3.88864
-67.6367 -26.6042 5.86 3.69094
-68.142 -26.7552 0.13 4.91239
-68.1333 -26.7653 1.2 4.98136
-68.1281 -26.7632 -0.9 4.98136
-68.1358 -26.759 0.81 4.91239
-68.1351 -26.7635 -0.34 4.91239
-67.6028 -26.4879 8.39 3.39425
-67.5221 -26.625 6.07 3.33886
-67.1826 -26.4494 6.4 3.84514
-68.0239 -26.9591 4.39 4.38306
-67.8676 -26.29 -0.11 4.03517
-67.6553 -26.6224 7.2 3.76678
-67.0629 -26.9351 11.03 4.04642
-68.202 -26.7995 0.2 4.91414
-67.5432 -26.4821 12.02 3.03394
-67.9312 -26.1881 -0.9 3.67967
-67.594 -26.6216 4.6 3.47808
-67.6481 -26.5604 8.86 3.61144
-66.6287 -26.4635 0.74 3.73708
-66.9217 -26.8394 6.05 3.69506
-67.9053 -26.3002 -0.9 4.00714
-67.973 -26.5811 1.93 4.82481
-66.9174 -26.404 7.22 3.88089
-66.9116 -26.4004 1.6 3.86322
-67.6333 -26.59 7.98 3.59169
-67.6935 -26.6086 2.1 3.91686
-66.6551 -26.9591 7.49 3.0285
-67.2416 -26.5204 -0.22 3.55228
-67.2133 -26.6865 7.31 3.90122
-67.2103 -26.6845 8.4 3.90122
-67.2409 -26.523 -0.22 3.55228
-67.2121 -26.6874 9.12 3.90122
-67.2121 -26.6857 9.1 3.90122
-67.2123 -26.686 8.64 3.90122
-67.2133 -26.6855 8.7 3.90122
-67.3921 -26.9658 12.46 4.22936
-66.4844 -26.702 9.9 3.38711
-66.5913 -26.2134 9.11 4.54786
-67.2103 -26.6896 7.14 3.90122
-67.2105 -26.6856 7.61 3.90122
-67.2126 -26.6898 8.09 3.90122
-67.2132 -26.6864 8.96 3.90122
-67.2069 -26.6818 7.53 3.99681
-67.1906 -26.6753 4.69 4.04403
-67.1005 -26.3412 -0.9 4.33747
-67.839 -26.0386 1.94 4.22172
-67.8375 -25.5735 -0.9 5.21953
-67.6683 -26.6448 6.24 3.85061
-67.6041 -26.4822 8.31 3.40689
-67.1846 -26.4504 7.23 3.78197
-67.9312 -26.4795 3.09 4.86658
-67.9272 -26.4768 2.39 4.86658
-67.5523 -26.2951 6.35 3.48656
-67.7765 -25.9097 -0.9 3.70781
-67.0074 -25.7096 3.61 4.78575
-66.999 -26.9207 1.39 3.67519
-67.7456 -25.6137 -0.9 4.09436
-67.3023 -26.5306 9.65 3.30381
-67.0883 -25.6065 7.43 4.48339
-67.8588 -26.4884 -0.47 4.68883
-67.5802 -26.6313 3.66 3.43517
-67.5884 -26.4674 13.19 3.30503
-66.9846 -25.8646 7.2 4.724
-67.6102 -26.6562 7.75 3.60833
-66.6575 -26.0664 2.67 4.63133
-67.2115 -26.6875 8.59 3.90122
-67.2075 -26.6833 9.48 3.99681
-67.4324 -26.9602 8.62 4.25461
-67.1355 -26.9607 3.6 3.86094
-67.4324 -26.9576 9.77 4.25461
-67.134 -26.9623 3.11 3.86094
-67.0698 -26.3841 2.24 4.89975
-66.7481 -26.8305 10.01 3.50503
-67.9025 -26.2718 -0.9 3.94611
-67.1103 -26.2756 4.64 4.46008
-67.0144 -26.8855 2.61 3.75131
-67.0031 -26.8859 5.6 3.75131
-67.5989 -26.7819 3.62 4.01356
-68.0095 -26.6874 -0.98 4.79342
-68.0093 -26.6808 -0.9 4.78772
-68.0818 -26.7069 13.22 4.96683
-68.0167 -26.686 2.94 4.84039
-66.6588 -26.0669 -0.99 4.66272
-68.185 -26.798 1.14 4.89875
-67.6234 -26.6634 3.36 3.65681
-67.0439 -26.7333 3.91 3.86275
-67.8684 -26.3439 0.08 4.15786
-67.6243 -26.6618 3.13 3.65681
-67.6281 -26.6579 1.19 3.65681
-67.623 -26.6596 1.94 3.65681
-67.6221 -26.6589 3.0 3.65681
-67.6223 -26.6602 3.6 3.65681
-67.6231 -26.6594 3.09 3.65681
-67.619 -26.663 1.94 3.65681
-67.6239 -26.6651 1.95 3.65681
-67.6314 -26.6547 4.77 3.65681
-67.6222 -26.661 2.98 3.65681
-67.0512 -26.7417 4.44 3.86078
-67.6141 -26.6602 2.94 3.60833
-67.6288 -26.6492 1.46 3.63744
-67.6176 -26.6594 2.9 3.65681
-66.8765 -25.9867 0.38 5.07436
-67.6217 -26.6625 4.51 3.65681
-67.0441 -26.5153 6.44 5.12647
-67.6189 -26.6616 3.35 3.65681
-67.6232 -26.6639 4.05 3.65681
-67.6236 -26.6642 5.37 3.65681
-67.2097 -26.6867 8.49 3.90122
-67.6118 -26.6551 3.97 3.60833
-67.6174 -26.6676 5.68 3.68808
-67.6107 -26.6544 3.34 3.60833
-67.6152 -26.6613 0.46 3.60833
-67.6225 -26.6536 1.5 3.65681
-67.8289 -26.0488 0.09 4.27694
-67.6213 -26.6648 7.33 3.65681
-67.8244 -26.0288 -0.9 4.1565
-67.6181 -26.6605 3.04 3.65681
-67.6213 -26.6612 1.82 3.65681
-67.5016 -26.5445 2.47 3.07494
-67.6176 -26.6613 3.23 3.65681
-67.6171 -26.6615 4.59 3.65681
-66.9815 -25.8501 7.64 4.69411
-66.9864 -25.8446 10.11 4.72342
-67.6182 -26.6577 1.59 3.65681
-67.6209 -26.6621 2.18 3.65681
-67.6236 -26.6461 2.09 3.63744
-67.6208 -26.6642 1.82 3.65681
-67.6158 -26.6594 2.62 3.60833
-67.6825 -26.6003 0.58 3.83792
-67.6218 -26.6648 3.43 3.65681
-67.6218 -26.6662 3.42 3.65681
-67.6249 -26.6575 6.49 3.65681
-67.2599 -26.6416 7.22 3.78358
-67.6321 -26.5696 5.71 3.56994
-67.8623 -26.1346 -0.48 4.25164
-66.7876 -25.9497 -0.92 4.68136
-67.9226 -26.1795 -0.9 3.65386
-66.905 -26.3997 2.63 3.95372
-66.9052 -26.4001 2.94 3.86322
-66.8948 -26.3863 7.45 3.98658
-66.8918 -26.049 3.75 4.94664
-67.5879 -26.6302 7.59 3.47808
-66.9156 -26.4056 7.69 3.86322
-67.9231 -26.4286 0.71 4.65939
-67.9222 -26.4364 2.11 4.74369
-67.924 -26.425 0.1 4.65939
-67.3242 -25.8414 6.5 4.08231
-67.3136 -25.8361 4.81 4.13672
-67.6124 -26.5314 9.56 3.39472
-67.6346 -26.6579 5.08 3.71556
-67.6345 -26.6606 5.82 3.71556
-67.2382 -26.5212 -0.25 3.55228
-67.5938 -26.6255 5.56 3.47808
-67.3285 -26.629 7.59 3.55767
-66.8612 -25.8589 -0.9 4.69875
-67.188 -26.451 7.61 3.78197
-66.6747 -25.7825 0.37 4.42514
-67.0221 -26.1036 6.47 4.68494
-67.6706 -26.5872 6.18 3.81178
-67.6068 -26.47 9.16 3.40689
-66.9168 -26.4082 8.54 3.88089
-67.3256 -25.8401 6.33 4.08231
-67.0884 -26.0647 3.16 4.79403
-66.6607 -26.0705 0.35 4.66272
-66.6581 -26.0708 -0.08 4.66272
-67.081 -26.0633 2.66 4.7625
-66.6599 -26.0732 9.7 4.66272
-67.8245 -26.1793 0.91 4.07417
-67.5795 -26.6254 6.49 3.43517
-67.3299 -25.8423 6.0 4.08231
-67.3314 -25.8406 6.19 4.08231
-67.3079 -26.4299 6.88 3.34858
-66.6955 -25.8519 0.85 4.27175
-67.572 -26.5136 8.82 3.16161
-67.6307 -26.6514 1.7 3.65681
-67.6026 -26.6631 6.09 3.60833
-67.5968 -26.6643 6.19 3.57106
-67.6038 -26.6605 5.71 3.60833
-67.6004 -26.6633 6.16 3.60833
-67.5997 -26.663 5.63 3.57106
-67.5991 -26.656 5.83 3.57106
-67.7993 -25.9765 1.95 3.95375
-66.6582 -26.0669 2.27 4.66272
-66.6585 -26.0695 -0.48 4.66272
-67.9851 -26.3597 -0.9 3.77633
-68.1006 -26.7004 -0.91 4.91306
-67.9876 -26.3656 -0.9 3.77633
-67.0798 -26.0636 4.38 4.7625
-67.623 -26.5785 0.99 3.56994
-66.4196 -26.6494 2.98 3.16614
-67.6138 -26.6525 4.05 3.60833
-67.4384 -26.4327 -0.31 3.05347
-67.3485 -26.9217 11.73 4.17433
-67.3495 -26.9238 8.87 4.17433
-67.3526 -26.9226 14.19 4.19319
-67.4152 -26.4305 3.49 3.05456
-67.3641 -26.9171 19.64 4.19319
-67.6244 -26.6659 5.68 3.65681
-67.3291 -25.8415 6.09 4.08231
-67.7762 -26.0472 3.34 4.23311
-67.5881 -26.631 6.41 3.47808
-66.9844 -25.8076 2.85 4.74508
-67.6026 -26.572 3.91 3.45414
-66.4791 -26.6791 2.46 3.39861
-67.5998 -26.6667 6.04 3.62581
-66.7634 -26.0071 1.1 4.57397
-67.6722 -26.6165 1.79 3.83792
-67.6727 -26.6151 1.48 3.83792
-67.0642 -25.699 4.97 4.67794
-67.8076 -25.9795 0.52 3.92928
-67.6223 -26.5915 12.65 3.59169
-66.6113 -26.8543 29.58 3.64053
-66.6614 -26.0681 -0.48 4.66272
-66.6601 -26.0706 0.14 4.66272
-66.6529 -26.0657 1.91 4.63133
-67.3436 -26.9138 8.14 4.14289
-66.6913 -26.0604 5.89 4.61431
-67.6163 -26.6683 3.59 3.65406
-67.3624 -26.9046 10.54 4.16744
-67.6142 -26.6907 4.9 3.70728
-66.6707 -26.363 9.51 3.93272
-67.9157 -26.1056 -0.9 3.83708
-68.2274 -26.81 -0.12 4.95778
-67.6244 -26.6587 5.0 3.65681
-67.0414 -25.6953 5.78 4.74392
-66.5743 -26.5035 8.46 3.97419
-67.8885 -26.209 -0.9 3.89258
-66.662 -26.0674 -0.37 4.66272
-67.5862 -26.6335 6.08 3.52261
-67.336 -26.9305 1.1 4.17433
-67.3434 -26.9234 0.66 4.17433
-66.6557 -26.0689 -0.94 4.66272
-66.657 -26.0697 0.31 4.66272
-67.0574 -25.9433 5.29 4.89731
-66.9997 -26.8815 7.83 3.55058
-67.2118 -26.6858 8.55 3.90122
-67.5213 -26.6208 0.37 3.33886
-67.6368 -25.7432 8.93 3.88106
-67.6357 -26.6183 7.44 3.70139
-67.36 -26.9068 12.89 4.16744
-67.0527 -25.8458 4.28 5.03286
-67.8901 -26.2126 -0.9 3.89258
-66.6816 -26.4401 2.66 3.73619
-66.8683 -26.3405 0.83 4.26372
-67.3263 -25.8389 6.0 4.08231
-67.0416 -25.6735 7.85 4.72422
-66.7897 -25.9601 0.38 4.66703
-67.4115 -26.5687 11.23 3.14036
-68.0009 -26.7009 -0.93 4.82306
-67.172 -26.4432 8.27 3.84514
-67.2793 -26.6961 5.61 3.86567
-67.8044 -26.0707 1.48 4.46775
-67.1204 -26.9893 8.22 3.81508
-66.626 -26.3104 -0.9 4.29117
-66.6268 -26.3121 2.39 4.29117
-66.4321 -25.9866 -0.05 3.61844
-67.324 -25.84 5.89 4.08231
-67.3205 -25.8357 4.84 4.08231
-67.3239 -25.8413 6.18 4.08231
-67.332 -25.8268 5.41 4.12072
-67.3226 -25.8414 5.68 4.08231
-67.3128 -25.8354 4.65 4.13672
-67.2383 -26.52 2.83 3.55228
-67.2523 -26.4878 17.61 3.49275
-67.1793 -26.4464 7.29 3.84514
-67.3279 -25.8321 5.44 4.12072
-67.3257 -25.84 6.2 4.08231
-67.3119 -25.834 4.64 4.13672
-67.3339 -25.8347 5.77 4.02817
-67.1807 -26.4488 7.33 3.84514
-67.3223 -25.8406 5.67 4.08231
-67.3186 -25.8416 5.31 4.08231
-66.7534 -25.9503 0.3 4.53147
-67.3281 -25.8394 6.29 4.08231
-67.3251 -25.841 6.32 4.08231
-67.3273 -25.8394 5.92 4.08231
-67.6205 -26.6538 8.7 3.65681
-67.6312 -26.6652 -0.28 3.65681
-67.9971 -26.5055 3.4 4.77939
-66.755 -25.9491 -0.16 4.53936
-67.3813 -26.4952 1.34 3.09342
-66.6596 -26.0665 2.0 4.63133
-67.5953 -26.5267 5.72 3.27808
-67.6796 -26.583 2.71 3.76722
-67.1179 -26.9908 8.35 3.81508
-67.3224 -25.8387 5.55 4.08231
-66.7939 -25.9602 -0.66 4.66703
-67.3258 -25.8403 5.59 4.08231
-67.3185 -25.8339 4.13 4.08231
-67.3231 -25.842 5.74 4.08231
-67.3253 -25.839 6.09 4.08231
-67.8084 -26.0164 -0.9 4.07933
-67.6793 -25.7523 4.12 3.69042
-67.6822 -26.5936 0.94 3.81178
-67.1165 -26.9892 9.49 3.84956
-67.6561 -26.5789 -0.96 3.70583
-67.2804 -26.7223 4.12 3.83925
-67.3288 -25.8406 5.83 4.08231
-67.6548 -26.5706 7.36 3.70583
-67.6618 -26.5753 10.49 3.70583
-67.3245 -25.8406 5.59 4.08231
-67.2061 -26.6821 7.24 3.99681
-67.2065 -26.6797 6.9 3.99681
-67.6539 -25.77 8.58 3.96206
-67.0746 -26.1488 4.13 4.501
-67.895 -26.0635 -0.9 3.89486
-67.6517 -26.5702 4.89 3.70583
-66.562 -26.45 1.3 3.99297
-67.1793 -26.4503 5.21 3.87247
-67.1791 -26.4494 6.68 3.84514
-67.1184 -26.9912 8.41 3.81508
-66.6294 -26.2592 14.67 4.42881
-67.3703 -26.9113 12.86 4.19153
-67.7981 -26.0348 5.0 4.25417
-67.2771 -26.7366 4.46 3.82306
-67.2771 -26.7376 4.08 3.82306
-67.6466 -26.5533 2.26 3.61144
-67.009 -25.788 2.97 4.82533
-67.1794 -26.4472 6.8 3.84514
-67.1804 -26.4509 6.87 3.87247
-67.1789 -26.4609 4.84 3.87247
-67.1792 -26.4506 6.71 3.87247
-67.1813 -26.4366 12.73 3.84514
-67.358 -26.9064 5.49 4.16744
-67.6862 -26.6044 2.84 3.91686
-67.8917 -26.1037 1.86 4.04297
-66.7475 -26.8961 8.32 3.26689
-67.0426 -26.1085 2.74 4.67503
-67.2459 -26.5227 0.75 3.55228
-66.7891 -25.9606 0.49 4.66703
-67.1773 -26.4497 6.28 3.84514
-67.1822 -26.4535 7.08 3.87247
-67.8022 -25.9774 0.92 3.92928
-66.847 -26.1438 6.45 4.72697
-66.9669 -25.8188 3.52 4.66725
-67.0133 -25.8655 5.05 4.78969
-67.6404 -26.6854 3.3 3.76392
-67.0071 -26.4102 -0.9 4.95017
-67.2679 -26.5305 4.27 3.40883
-67.8794 -26.3739 5.51 4.26528
-67.8122 -25.9964 3.49 4.00253
-67.9305 -26.5709 5.12 4.84522
-67.9179 -26.1586 -0.9 3.63997
-66.9193 -26.1006 1.12 4.74614
-67.074 -25.7535 4.9 4.72869
-66.7763 -25.9542 3.12 4.59419
-66.7782 -25.9562 0.85 4.59419
-67.6856 -26.5718 3.08 3.82283
-67.6845 -26.5716 0.97 3.82283
-67.6842 -26.5682 0.98 3.82283
-68.0378 -26.3294 -0.9 3.40878
-66.6599 -26.0683 2.16 4.66272
-67.181 -25.6198 7.9 4.66036
-67.6781 -26.581 1.57 3.76722
-66.7771 -25.9574 -0.88 4.59419
-67.6771 -25.7553 3.62 3.69042
-67.3273 -25.8421 6.0 4.08231
-67.6736 -26.5653 1.48 3.7105
-66.9273 -25.6884 6.7 4.39625
-67.1334 -25.7985 2.78 4.63697
-67.6766 -26.5754 0.83 3.76722
-67.6959 -26.5647 3.3 3.75194
-66.928 -25.6797 0.38 4.40094
-67.2443 -26.6021 7.32 3.73714
-67.0485 -26.6164 9.84 4.65361
-67.0494 -26.6154 8.85 4.65361
-67.023 -26.5813 11.95 4.63444
-67.0431 -26.609 7.65 4.65361
-67.641 -26.3551 -0.9 3.43561
-67.8817 -26.2783 -0.9 4.01483
-67.3614 -26.9087 10.01 4.16744
-67.6876 -26.0844 1.15 4.33031
-67.1214 -26.5691 5.67 4.82686
-68.1748 -26.3177 1.63 4.83056
-67.7282 -25.6479 5.97 3.65383
-67.0738 -25.7495 4.95 4.67664
-67.5993 -25.7082 9.82 4.03689
-67.3801 -26.4823 8.28 3.08419
-67.6905 -26.5764 2.15 3.82283
-66.7683 -26.326 -0.05 4.10844
-67.1778 -26.991 8.0 3.92917
-67.3241 -25.8311 5.65 4.12072
-67.3028 -26.3028 9.61 3.36356
-67.811 -25.9923 2.31 4.00253
-67.6071 -25.6991 3.71 3.69328
-67.6027 -25.694 9.17 3.69328
-67.6088 -25.7043 4.85 3.85275
-68.2403 -26.662 -0.9 4.34625
-67.6035 -25.7019 7.3 3.85275
-67.331 -26.9148 8.28 4.12475
-67.6653 -25.853 4.3 3.89558
-67.6704 -26.7212 14.07 3.93047
-67.5478 -26.532 10.33 3.08989
-67.846 -26.0449 -0.9 4.22172
-67.6175 -26.6631 5.2 3.65681
-67.615 -26.6558 0.61 3.60833
-67.6154 -26.6579 -0.03 3.60833
-67.6011 -26.6853 9.43 3.70728
-67.6322 -26.6639 11.74 3.65681
-66.9891 -26.9538 5.07 3.63783
-67.9792 -26.37 -0.9 4.07092
-67.5932 -26.4813 6.11 3.30503
-67.6147 -26.6635 3.53 3.60833
-67.6259 -26.6587 5.46 3.65681
-67.6091 -26.6708 -0.42 3.65406
-67.6273 -26.6638 1.08 3.65681
-67.1193 -25.8181 7.25 4.77517
-67.1194 -25.8244 8.35 4.77517
-67.1292 -25.8306 5.02 4.77517
-67.1175 -25.8197 8.48 4.77517
-67.1184 -25.8217 8.3 4.77517
-67.1185 -25.8185 8.18 4.77517
-67.1185 -25.823 7.87 4.77517
-67.1193 -25.8229 8.36 4.77517
-67.6091 -26.6493 6.47 3.57197
-67.2407 -25.9071 10.01 4.36394
-67.8444 -25.9662 1.48 3.66675
-67.1222 -25.8189 8.0 4.77517
-66.8893 -25.9382 0.4 5.18581
-66.8916 -25.9355 1.23 5.18581
-66.8865 -25.9354 0.65 5.18581
-66.8914 -25.9354 0.99 5.18581
-66.8991 -25.9387 1.83 5.18581
-66.8956 -25.933 0.86 5.10261
-66.8842 -25.937 0.94 5.18581
-67.2541 -26.6813 2.3 3.86569
-67.2888 -26.5066 2.09 3.34656
-67.3641 -26.912 9.75 4.16744
-67.1204 -25.8214 8.01 4.77517
-67.7904 -25.9139 -0.54 3.65617
-67.0774 -25.7833 4.95 4.79136
-67.6992 -25.7057 13.29 3.37961
-67.7032 -25.6925 8.57 3.38231
-67.0759 -25.7831 4.72 4.79136
-67.69 -25.6946 19.19 3.37033
-67.6961 -25.6713 17.56 3.38914
-67.8775 -26.3508 4.57 4.20711
-67.8649 -25.9816 3.69 3.63592
-67.6361 -26.6239 5.89 3.70139
-67.3301 -25.8395 5.84 4.08231
-67.2928 -26.5095 2.66 3.34656
-68.0133 -26.4285 -0.9 4.27683
-67.0461 -25.8804 7.12 4.98133
-66.3042 -25.9676 0.06 3.04456
-66.7078 -26.1246 6.52 4.63181
-67.6301 -26.6645 4.13 3.65681
-67.2933 -26.9398 12.87 4.20797
-67.2872 -26.5046 2.08 3.34656
-67.2876 -26.5045 2.71 3.34656
-67.2884 -26.5091 2.98 3.34656
-67.2904 -26.5062 3.48 3.34656
-67.283 -26.5035 1.85 3.40492
-67.0817 -25.7837 5.63 4.85483
-67.1152 -26.9867 9.7 3.84956
-67.6448 -26.6257 6.72 3.70139
-67.0532 -26.9801 7.19 3.97219
-67.2853 -26.5067 1.63 3.34656
-67.2918 -26.9465 11.06 4.20797
-67.2772 -26.5002 0.21 3.40492
-67.6096 -25.6942 -0.9 3.69328
-67.6073 -25.6999 7.54 3.69328
-67.2793 -26.3017 4.39 3.54192
-67.6203 -25.7959 11.91 4.44633
-67.8208 -25.994 3.11 3.96178
-67.8152 -26.0083 1.24 4.07933
-67.0638 -25.6974 7.2 4.67794
-67.6067 -26.6625 -0.36 3.60833
-67.6608 -26.527 3.96 3.57139
-67.5915 -26.8005 3.82 4.09622
-68.1445 -26.7611 4.05 4.91239
-68.0247 -26.9737 2.65 4.37319
-67.954 -26.5955 8.59 4.86083
-67.2859 -26.5094 0.81 3.34656
-67.7715 -25.9242 1.32 3.78964
-67.6058 -25.708 8.17 3.85275
-67.0739 -25.6997 4.43 4.62972
-67.0633 -25.702 5.02 4.68442
-67.9231 -26.087 -0.9 3.63525
-67.6082 -25.6931 1.52 3.69328
-67.9796 -26.943 5.23 4.37478
-66.425 -26.5288 6.17 3.98533
-67.8385 -26.147 -0.9 4.30264
-67.89 -26.209 -0.9 3.89258
-66.4284 -26.5318 4.85 3.98533
-68.0126 -26.9871 0.52 4.42697
-67.5591 -26.5193 8.62 3.12456
-67.6211 -26.5434 9.42 3.51258
-67.6006 -25.7049 7.88 3.85275
-67.6157 -26.5545 8.76 3.43456
-66.6638 -26.0592 7.6 4.63133
-67.6083 -26.661 6.59 3.60833
-67.902 -26.1125 -0.9 3.83708
-66.7556 -25.9277 1.21 4.54425
-67.5024 -26.5429 5.23 3.07494
-66.5925 -26.9404 2.21 3.23822
-68.2117 -26.9744 -0.9 4.29947
-66.6597 -26.0708 0.28 4.66272
-67.074 -26.7894 5.64 3.88333
-67.3476 -26.4875 7.96 3.19075
-67.3606 -26.8039 9.83 3.97581
-67.9643 -26.5995 8.72 4.86083
-68.1951 -26.7901 -0.87 4.89875
-68.1947 -26.794 -0.79 4.89875
-68.1632 -26.8048 -0.9 4.88686
-68.2186 -26.761 -0.97 4.84625
-68.1921 -26.7798 -1.0 4.8585
-67.3634 -26.8122 11.45 3.97581
-67.6572 -25.7324 9.72 3.59906
-68.189 -26.7987 -0.9 4.89875
-68.188 -26.7959 -0.93 4.89875
-67.9305 -26.3572 -0.01 4.16511
-68.1972 -26.7797 0.91 4.8585
-66.6596 -26.0695 0.14 4.66272
-67.7233 -25.6976 2.08 3.40942
-67.3214 -26.5012 5.64 3.24358
-67.3627 -26.9014 14.34 4.16744
-67.6365 -25.7424 9.08 3.88106
-67.045 -25.6987 7.6 4.74392
-67.2317 -26.3014 7.29 3.98119
-67.2311 -26.3041 6.78 3.98119
-66.9913 -25.7684 3.06 4.77083
-67.976 -26.5832 9.72 4.82481
-67.6878 -26.6008 3.22 3.91686
-67.6897 -26.6129 4.2 3.91686
-67.2938 -26.5098 2.48 3.34656
-67.016 -26.584 25.34 4.24108
-67.5091 -26.5554 7.22 3.10592
-67.6918 -26.5965 1.67 3.88036
-67.6911 -26.6 1.22 3.91686
-67.0628 -25.6986 6.77 4.67794
-66.7455 -26.83 9.73 3.50503
-66.4269 -26.5313 6.1 3.98533
-67.3674 -26.4678 0.59 3.08419
-67.7736 -26.0707 -0.9 4.42528
-67.7269 -25.8711 9.3 3.60794
-67.8176 -25.9193 4.72 3.59758
-67.8121 -25.9241 -0.14 3.68214
-68.0617 -26.729 9.97 5.06025
-67.6042 -26.5125 7.07 3.38686
-67.5481 -26.8366 3.57 4.27961
-66.8883 -26.0811 3.12 4.88931
-66.8869 -26.0791 2.92 4.88931
-66.895 -26.0804 2.49 4.88931
-67.1844 -26.4534 7.36 3.78197
-68.1444 -26.6272 -0.05 4.44061
-67.6517 -26.5753 -0.9 3.70583
-67.6097 -26.6554 5.41 3.60833
-67.569 -25.7215 8.99 4.35725
-67.8098 -25.9275 -0.9 3.68214
-67.5314 -26.533 9.84 3.06928
-67.6017 -26.6577 4.69 3.60833
-67.6944 -26.6002 1.92 3.91686
-67.6172 -26.6576 6.85 3.65681
-67.8919 -26.3578 9.34 4.22628
-67.7199 -25.9205 1.24 3.75111
-67.8764 -26.3554 3.33 4.20711
-66.8837 -26.0682 0.89 4.88931
-67.8813 -26.2631 -0.0 3.99697
-66.4904 -26.624 0.52 3.9685
-67.5004 -26.5378 6.98 3.07494
-67.3548 -26.9113 9.66 4.16744
-66.6904 -26.0965 5.89 4.66572
-67.6688 -26.6503 5.24 3.84869
-67.5604 -26.513 6.04 3.09558
-68.0596 -26.7649 10.5 5.11183
-68.0647 -26.7447 11.73 5.10564
-68.0531 -26.756 4.46 5.11183
-67.6248 -26.5712 3.89 3.56994
-67.8068 -25.9719 3.12 3.92928
-67.3553 -26.498 5.57 3.13786
-68.2273 -26.8363 -0.9 4.84931
-68.227 -26.8099 -0.57 4.95778
-68.224 -26.8105 -0.9 4.95778
-68.2119 -26.8172 -0.96 4.88936
-68.2095 -26.8349 -0.99 4.82114
-68.0234 -26.9759 -0.56 4.37319
-68.0259 -26.9795 1.19 4.37319
-68.2226 -26.8153 -0.9 4.95778
-68.2228 -26.811 -0.9 4.95778
-68.0191 -26.9659 2.81 4.38306
-68.2002 -26.8255 -0.9 4.88936
-67.5373 -26.467 2.84 3.03394
-67.914 -26.4112 8.28 4.52686
-67.9054 -26.409 4.62 4.52686
-67.9034 -26.4032 1.88 4.52686
-67.8154 -26.0274 -0.98 4.16547
-67.9138 -26.409 7.42 4.52686
-67.6105 -26.5952 3.03 3.48031
-67.071 -26.0566 8.42 4.7625
-67.9011 -26.4095 5.87 4.52686
-68.2058 -26.8435 -0.9 4.82114
-67.5755 -26.4721 12.35 3.18161
-67.3558 -26.4316 6.84 3.11183
-66.8267 -25.8988 -0.9 4.74425
-67.0453 -26.67 -0.99 4.12497
-67.0583 -25.498 8.36 4.06867
-66.6748 -26.2402 2.62 4.39172
-67.6382 -25.684 4.02 3.45006
-67.7757 -25.9609 1.92 3.90189
-67.0696 -26.5307 6.49 5.18128
-67.0692 -26.5318 7.27 5.18128
-67.0698 -26.5325 7.68 5.18128
-67.2911 -26.5108 3.31 3.34656
-67.2879 -26.5082 4.47 3.34656
-67.9562 -26.4418 -0.9 4.71878
-67.9548 -26.4429 -0.9 4.71878
-66.7505 -26.837 8.62 3.45269
-67.8458 -26.1666 -0.9 4.17153
-67.5054 -26.6314 3.43 3.30806
-66.8137 -26.3877 5.22 4.12931
-67.3273 -25.8432 7.33 4.08231
-67.056 -25.8161 5.2 4.93889
-67.0596 -25.8159 6.0 4.93889
-67.0529 -25.8112 6.28 4.93889
-67.5127 -26.6324 3.0 3.30806
-67.5095 -26.6305 3.33 3.30806
-68.0887 -26.7173 -0.34 5.02336
-68.0988 -26.7795 -0.98 5.038
-66.4479 -26.6292 4.46 3.45897
-68.0662 -26.7763 5.94 5.08597
-66.979 -25.8119 4.17 4.66883
-67.6477 -26.2809 -0.05 3.48253
-66.9821 -25.8038 2.07 4.66883
-66.6617 -26.0708 2.68 4.66272
-66.6548 -26.0653 0.84 4.63133
-67.118 -26.9878 8.11 3.81508
-66.6604 -26.0663 6.79 4.63133
-66.976 -25.805 4.57 4.66883
-67.0156 -26.4438 1.24 4.81242
-67.6015 -25.7086 9.61 3.85275
-66.9765 -25.8096 3.74 4.66883
-67.9061 -26.3423 2.93 4.13128
-67.8994 -26.3388 2.19 4.15939
-67.8493 -26.5017 2.55 4.65581
-67.7724 -25.9548 3.19 3.90189
-67.9751 -26.382 -0.9 4.07092
-67.5964 -26.6664 8.12 3.57106
-67.0173 -26.4399 0.78 5.0395
-67.59 -26.5223 6.5 3.27808
-67.9035 -26.3135 1.86 4.00714
-67.5901 -26.5246 6.84 3.27808
-67.042 -26.9666 1.86 3.98925
-67.392 -26.4846 9.22 3.06431
-67.2583 -26.5744 8.89 3.53425
-66.9139 -26.8504 1.03 3.69436
-67.6432 -26.6807 2.98 3.73289
-66.8372 -25.8729 -0.96 4.72431
-66.9762 -26.7286 2.85 3.62164
-67.0517 -25.7007 9.06 4.68442
-67.0773 -26.5353 0.69 5.22428
-67.2746 -26.5116 2.17 3.40492
-67.273 -26.5119 5.48 3.40492
-67.4164 -26.4536 5.21 3.05064
-67.1013 -26.9832 0.53 3.86208
-67.0955 -25.8947 8.29 5.07747
-66.5694 -26.5249 0.49 3.98269
-67.8038 -25.9942 -0.9 4.00253
-67.8098 -25.9957 3.39 4.00253
-68.1427 -26.534 -0.9 4.14561
-67.5752 -26.6387 9.26 3.48642
-67.3432 -26.5357 5.78 3.23856
-67.3356 -26.522 5.14 3.21664
-67.3454 -26.5252 6.73 3.21664
-67.3387 -26.5268 8.34 3.21664
-67.3358 -26.5197 6.37 3.21664
-67.3386 -26.5176 3.29 3.21664
-67.3478 -26.5223 2.76 3.21664
-67.3501 -26.5235 3.19 3.17139
-67.3454 -26.528 3.92 3.21664
-67.3554 -26.5249 4.31 3.17139
-67.3578 -26.5256 4.88 3.17139
-67.3368 -26.5208 4.48 3.21664
-67.3312 -26.5273 6.84 3.25719
-67.327 -26.5233 8.51 3.25719
-67.3337 -26.5246 6.64 3.21664
-67.3413 -26.5351 3.66 3.23856
-67.3391 -26.5238 5.84 3.21664
-67.3413 -26.5256 4.33 3.21664
-67.3364 -26.5246 5.47 3.21664
-67.3364 -26.5265 6.2 3.21664
-67.3328 -26.5216 5.22 3.25719
-67.3399 -26.5294 4.17 3.21664
-67.354 -26.5239 4.24 3.17139
-67.3357 -26.5196 2.46 3.21664
-67.3423 -26.5286 6.61 3.21664
-67.3403 -26.5203 5.4 3.21664
-67.3461 -26.5271 2.87 3.21664
-67.3393 -26.527 4.3 3.21664
-66.6619 -26.0764 -0.22 4.66272
-66.6627 -26.0643 -0.24 4.63133
-67.6719 -25.7317 9.04 3.50317
-67.6472 -25.7326 14.62 3.71233
-67.8555 -26.2486 0.07 3.95333
-66.9744 -25.7588 1.74 4.70642
-67.9243 -26.3616 -0.9 4.16511
-67.3227 -25.828 4.03 4.12072
-67.935 -26.1472 -0.9 3.5125
-67.2863 -26.5062 1.08 3.34656
-66.7203 -25.9417 0.18 4.41481
-67.3514 -26.5149 4.07 3.15225
-67.6614 -25.7313 -0.52 3.59906
-66.837 -25.8726 -0.13 4.72431
-67.8689 -26.1856 -0.02 3.96925
-66.9771 -25.7988 2.79 4.67464
-66.9754 -25.7964 2.62 4.67464
-67.6582 -26.5168 6.24 3.57139
-66.9417 -25.8497 11.8 4.64236
-66.8159 -26.9355 -0.44 3.46344
-66.9747 -25.7989 3.67 4.67464
-67.3586 -26.5202 3.81 3.17139
-67.3519 -26.5121 5.98 3.15225
-66.9725 -25.8007 3.81 4.66883
-67.8551 -26.4962 -0.9 4.68883
-66.917 -25.6965 6.27 4.39625
-67.2653 -26.5065 5.28 3.46836
-67.6012 -26.6635 4.04 3.60833
-67.6495 -26.5415 10.13 3.57058
-67.8776 -26.1199 -0.9 4.20689
-66.9134 -25.706 2.51 4.36786
-66.6618 -26.0694 0.85 4.66272
-66.6605 -26.0694 -0.36 4.66272
-67.9152 -26.1313 -0.9 3.82611
-66.9266 -25.687 2.7 4.39625
-67.0059 -26.887 8.26 3.75131
-66.6602 -26.0622 3.34 4.63133
-66.644 -26.0584 2.34 4.64792
-67.9169 -26.0986 -0.9 3.63525
-67.6765 -25.7161 1.69 3.41875
-66.9746 -25.7976 3.97 4.67464
-67.6393 -26.5731 7.05 3.64639
-67.6847 -26.614 3.46 3.91686
-66.3545 -26.1568 5.42 3.92289
-66.3413 -26.1697 0.54 3.94203
-67.6395 -25.6815 -0.42 3.38417
-66.9579 -26.8996 12.25 3.37014
-67.1184 -26.9771 10.2 3.82631
-67.6633 -26.5911 4.79 3.73975
-66.9843 -26.9546 8.84 3.63783
-66.8545 -26.9126 5.72 3.74039
-67.1315 -26.5692 6.01 4.82686
-66.9019 -26.0258 3.78 5.05442
-66.7645 -26.0262 -0.37 4.60281
-67.6607 -26.5968 6.5 3.73975
-66.9495 -26.8925 4.73 3.34822
-67.8842 -26.0232 -0.9 3.6675
-66.9802 -25.8089 5.37 4.66883
-66.975 -25.796 3.4 4.67464
-66.9764 -25.8007 3.43 4.66883
-66.9746 -25.7922 2.05 4.67464
-66.9713 -25.8018 3.81 4.66883
-66.9754 -25.7944 2.21 4.67464
-66.9755 -25.799 3.41 4.67464
-66.9752 -25.7963 3.12 4.67464
-66.9765 -25.7963 3.11 4.67464
-66.9763 -25.8023 3.86 4.66883
-66.9741 -25.7974 2.6 4.67464
-66.9836 -25.8023 2.9 4.74508
-66.9752 -25.7968 3.13 4.67464
-66.9776 -25.7998 3.05 4.67464
-67.8916 -25.5077 0.45 5.135
-66.9783 -25.7942 2.5 4.67464
-66.9716 -25.7988 3.55 4.67464
-66.9721 -25.7993 3.23 4.67464
-66.9307 -25.6881 5.86 4.39625
-66.9759 -25.7959 2.37 4.67464
-66.9785 -25.7956 2.62 4.67464
-66.9827 -25.8065 3.25 4.66883
-66.9742 -25.7985 3.23 4.67464
-66.9763 -25.7971 3.08 4.67464
-66.9758 -25.7939 2.47 4.67464
-66.9749 -25.8035 3.78 4.66883
-66.9715 -25.7958 2.67 4.67464
-66.9767 -25.7963 3.6 4.67464
-67.9078 -26.1917 -0.9 3.78675
-66.9764 -25.7959 2.62 4.67464
-66.973 -25.8095 5.39 4.66883
-66.969 -26.2391 1.02 4.43656
-66.9704 -25.7965 3.56 4.67464
-66.9751 -25.798 3.33 4.67464
-66.9747 -25.8002 3.68 4.66883
-66.9743 -25.7999 3.69 4.67464
-66.3406 -26.1658 0.44 3.87847
-67.8697 -26.5025 11.85 4.79294
-67.3324 -26.5099 4.85 3.24358
-67.2731 -26.6189 9.46 3.66231
-67.7917 -26.0046 -0.9 4.07439
-67.1256 -26.992 10.9 3.81508
-67.5285 -26.4669 13.54 3.02772
-66.8532 -26.0079 2.63 4.92167
-67.659 -26.6273 4.19 3.76678
-67.3782 -26.53 10.62 3.12275
-67.5388 -26.4794 9.97 3.03394
-67.5443 -26.4774 11.64 3.03394
-67.5358 -26.475 11.1 3.03394
-66.9767 -25.7975 2.61 4.67464
-67.7596 -25.8626 4.4 3.48436
-67.5424 -26.4765 11.84 3.03394
-67.9131 -26.1048 -0.9 3.83708
-67.55 -26.4762 12.25 3.07667
-67.3549 -26.5237 1.88 3.17139
-67.3568 -26.5177 3.9 3.17139
-67.169 -25.6648 6.13 4.56872
-67.1674 -25.6642 5.28 4.56872
-67.2829 -26.5027 -0.32 3.40492
-67.36 -26.5185 4.82 3.17139
-67.3585 -26.5185 5.79 3.17139
-66.9268 -25.6774 -0.13 4.40094
-67.1324 -26.5686 5.25 4.82686
-67.1634 -25.6625 3.86 4.57606
-66.595 -26.2564 2.96 4.51069
-66.8877 -26.8528 9.57 3.78342
-67.4158 -26.4526 0.33 3.05064
-67.4117 -26.4542 1.25 3.05064
-67.0538 -26.0931 0.66 4.68114
-67.3693 -26.9087 9.71 4.19153
-66.5678 -26.0929 1.0 4.335
-66.9766 -25.7985 3.28 4.67464
-66.9773 -25.7997 3.63 4.67464
-67.0364 -25.6721 7.46 4.72422
-67.019 -26.4271 0.94 5.10303
-67.3219 -25.8434 5.42 4.08231
-67.538 -26.4762 12.08 3.03394
-67.0175 -26.4326 -0.86 5.10303
-67.911 -26.3983 -0.18 4.43181
-67.915 -26.4085 5.83 4.52686
-67.2814 -26.6873 7.11 3.86567
-67.5574 -26.5148 8.79 3.09558
-67.2846 -26.6864 6.39 3.89025
-67.3809 -26.8634 10.16 4.09119
-67.2828 -26.6892 7.53 3.86567
-67.3214 -25.8383 5.6 4.08231
-67.3185 -25.8361 4.81 4.08231
-67.2302 -26.3052 8.64 3.98119
-67.227 -26.3037 5.2 3.98119
-67.8981 -26.1078 -0.9 4.04297
-67.3685 -26.4452 2.46 3.07833
-67.8654 -26.1362 -0.72 4.25164
-67.8551 -26.1369 -0.9 4.25164
-67.6037 -26.7568 3.85 3.96817
-67.7981 -26.0067 -0.9 4.07439
-67.9087 -26.192 2.19 3.78675
-67.0376 -25.717 5.59 4.77544
-67.8954 -26.1897 -0.9 3.88861
-66.9261 -25.6862 3.15 4.39625
-67.6389 -26.6206 38.31 3.70139
-67.7536 -26.7481 5.1 4.26733
-67.6391 -26.6278 5.37 3.70139
-67.0099 -26.5929 7.46 4.24108
-67.1654 -25.8593 7.29 4.67047
-67.0127 -25.7722 1.87 4.83139
-67.1175 -26.4514 0.82 4.34283
-67.896 -26.1909 -0.9 3.88861
-66.6516 -26.0645 1.3 4.63133
-66.6535 -26.0659 0.79 4.63133
-66.6806 -26.3806 0.38 3.87047
-67.8726 -26.1962 -0.9 3.96925
-67.7478 -25.9537 0.95 3.83683
-66.9077 -25.9863 4.85 5.23739
-67.0211 -25.9728 2.59 4.75556
-67.0116 -25.9641 6.79 4.86819
-67.0098 -25.9647 7.05 4.86819
-66.7116 -26.0826 1.71 4.64225
-67.0256 -25.9679 3.49 4.75556
-67.0203 -25.9757 1.96 4.75556
-67.0251 -25.9694 3.32 4.75556
-66.9691 -25.7971 3.23 4.67464
-66.648 -26.0651 -0.26 4.64792
-66.9736 -25.7976 3.2 4.67464
-67.6161 -25.6447 2.38 3.4575
-67.9327 -26.0852 -0.9 3.63525
-67.8795 -26.2027 -0.9 3.94508
-67.5303 -26.5118 12.17 3.04972
-67.1674 -25.8617 7.15 4.59975
-66.659 -26.0729 -0.4 4.66272
-66.6591 -26.0697 -0.31 4.66272
-68.0973 -26.7394 -0.01 5.06439
-67.191 -26.4549 8.05 3.78197
-67.0546 -25.694 6.52 4.67794
-67.3198 -26.3276 3.48 3.28958
-68.0224 -26.6506 -0.07 4.76403
-67.7137 -25.8762 -0.54 3.63403
-67.1731 -25.8627 12.34 4.59975
-67.1719 -26.4526 2.77 3.87247
-66.617 -26.3113 1.33 4.29117
-66.61 -26.3051 -0.06 4.32833
-66.9531 -25.6738 4.23 4.61753
-66.9429 -25.6686 1.51 4.50431
-66.9427 -25.6692 1.93 4.50431
-66.9404 -25.6637 0.93 4.51439
-67.293 -25.8471 3.82 4.17069
-67.6546 -26.2598 6.72 3.52625
-67.5263 -26.4169 11.28 3.02725
-67.2498 -26.3083 2.15 3.83247
-67.5257 -26.4222 10.24 3.02725
-67.4595 -26.9094 8.15 4.36044
-68.0649 -26.7551 -0.48 5.11183
-67.5381 -26.4966 13.53 3.04469
-66.6568 -26.0682 0.58 4.66272
-66.6559 -26.0694 -0.33 4.66272
-66.6582 -26.0688 0.77 4.66272
-66.9667 -26.6668 0.13 3.59922
-67.7567 -26.1432 0.29 4.35894
-67.2864 -25.7219 8.09 4.63739
-67.2826 -25.7234 8.27 4.58478
-67.2826 -25.7209 7.57 4.58478
-66.6563 -26.064 -0.07 4.63133
-67.0488 -26.3974 3.54 5.18886
-67.0536 -26.3993 6.39 5.08589
-67.3892 -26.4551 1.11 3.0575
-67.0452 -26.4088 -0.01 5.20056
-67.183 -25.7047 5.72 4.43194
-67.4383 -26.9009 0.53 4.30403
-67.5988 -26.6716 1.7 3.62581
-67.0117 -25.7819 -0.9 4.83139
-67.6396 -26.5788 11.48 3.64639
-67.6497 -26.583 10.58 3.64639
-67.6476 -26.5859 9.0 3.675
-67.882 -26.1496 -0.04 4.1385
-67.88 -26.3295 -0.9 4.11742
-67.6656 -26.5741 -0.37 3.70583
-66.491 -26.7488 14.7 3.13453
-66.4932 -26.7492 13.96 3.13453
-66.6581 -26.0673 -0.19 4.66272
-67.528 -26.4243 9.69 3.02725
-67.0303 -25.8028 4.27 4.89003
-67.0514 -25.7396 3.99 4.72597
-66.6531 -26.0626 -0.11 4.63133
-67.0087 -26.6367 1.48 4.03639
-66.4724 -26.67 6.68 3.39861
-68.0202 -26.3484 3.35 3.47422
-67.0169 -26.6407 1.47 4.20683
-67.3517 -26.8404 6.75 4.05511
-67.6164 -26.6614 5.15 3.60833
-67.0275 -26.6394 0.14 4.20683
-67.8939 -26.1827 -0.9 3.8935
-67.2302 -26.8749 1.96 4.15578
-67.0179 -26.6367 1.23 4.20683
-67.8972 -26.2091 -0.85 3.89258
-67.4424 -25.6787 10.26 4.8415
-67.1122 -25.8172 5.99 4.86425
-66.8965 -25.9314 0.23 5.10261
-66.8904 -25.929 0.94 5.10261
-66.8892 -25.936 0.96 5.18581
-67.7687 -25.9227 0.88 3.78964
-66.9027 -25.9396 2.72 5.23753
-67.933 -26.3997 5.43 4.42789
-66.9007 -25.926 0.55 5.14561
-66.891 -25.9294 0.8 5.10261
-67.0162 -25.8856 24.84 4.82133
-66.8854 -25.9326 0.66 5.10261
-67.2802 -26.6987 5.3 3.86567
-66.9025 -25.9395 1.91 5.23753
-66.8881 -25.9291 1.02 5.10261
-66.899 -25.9363 2.23 5.18581
-66.894 -25.9275 1.5 5.10261
-67.0237 -26.638 5.97 4.20683
-66.8979 -25.9307 4.29 5.10261
-66.8888 -25.9367 1.04 5.18581
-67.8833 -26.2432 -0.9 3.96872
-67.0313 -26.6413 1.05 4.20683
-66.8937 -25.933 2.71 5.10261
-66.9185 -25.9186 0.98 5.19522
-68.1423 -26.7651 -0.55 4.91239
-68.1421 -26.7765 -0.56 4.93097
-68.1186 -26.7819 -0.9 4.97608
-68.1396 -26.7812 -0.9 4.93097
-66.902 -25.9377 0.5 5.23753
-67.0236 -26.6396 5.11 4.20683
-66.8885 -25.9283 0.98 5.10261
-66.8941 -25.9308 0.6 5.10261
-66.9014 -25.9343 1.82 5.23753
-66.8927 -25.9291 3.17 5.10261
-66.8873 -25.9237 1.52 5.10261
-66.8904 -25.9352 0.79 5.18581
-66.8963 -25.9376 1.55 5.18581
-67.5823 -26.8267 -0.9 4.15689
-66.8979 -25.9272 2.82 5.10261
-66.7533 -25.9418 0.22 4.53936
-67.3432 -26.4961 0.77 3.19075
-66.8914 -25.9381 0.75 5.18581
-66.8768 -25.9301 1.7 5.02703
-66.8962 -25.9328 1.67 5.10261
-66.8971 -25.9317 1.72 5.10261
-66.7451 -26.1623 -0.9 4.53939
-66.8972 -25.9165 3.43 4.99486
-66.9967 -26.6146 -0.32 3.91281
-66.8962 -25.9361 2.08 5.18581
-66.8978 -25.9292 1.97 5.10261
-66.8858 -25.9323 2.14 5.10261
-66.89 -25.9294 3.68 5.10261
-66.8948 -25.9244 2.69 5.10261
-66.8818 -25.928 0.56 5.02703
-66.8934 -25.9354 2.03 5.18581
-66.8927 -25.9273 0.94 5.10261
-66.8917 -25.9354 -0.15 5.18581
-66.8988 -25.9353 3.17 5.18581
-66.8965 -25.9298 2.94 5.10261
-66.899 -25.9333 2.75 5.10261
-66.8956 -25.9348 2.67 5.18581
-66.8952 -25.9347 2.8 5.18581
-66.8476 -25.952 0.14 4.88061
-66.8963 -25.9352 4.54 5.18581
-66.89 -25.9279 0.99 5.10261
-66.8871 -25.9204 2.94 5.10261
-66.8981 -25.937 3.01 5.18581
-66.9002 -25.9261 5.4 5.14561
-66.891 -25.9255 2.97 5.10261
-66.8879 -25.9277 1.35 5.10261
-66.8964 -25.9372 2.02 5.18581
-66.892 -25.9321 4.2 5.10261
-67.0834 -26.1464 5.26 4.46625
-66.8881 -25.9295 0.98 5.10261
-66.8794 -25.9316 1.81 5.02703
-66.8821 -25.9319 1.88 5.02703
-66.8838 -25.9285 0.74 5.10261
-66.8958 -25.9376 0.02 5.18581
-66.8952 -25.9327 1.81 5.10261
-66.8949 -25.9262 1.88 5.10261
-66.891 -25.9313 0.59 5.10261
-66.8935 -25.9326 5.06 5.10261
-66.899 -25.9284 4.57 5.10261
-66.8916 -25.9323 2.83 5.10261
-66.8845 -25.9199 1.77 5.10261
-66.8885 -25.9283 1.66 5.10261
-66.8979 -25.936 2.01 5.18581
-67.0258 -26.6292 -0.9 4.32219
-66.8935 -25.9268 1.86 5.10261
-66.8768 -25.9381 1.31 5.09653
-66.8865 -25.9374 0.22 5.18581
-66.8923 -25.9383 2.41 5.18581
-66.8946 -25.9267 0.35 5.10261
-66.8921 -25.9355 0.91 5.18581
-66.9009 -25.9382 -0.09 5.23753
-67.5574 -26.5268 10.95 3.12456
-66.6124 -26.3081 -0.67 4.32833
-66.8906 -25.9319 2.66 5.10261
-66.8884 -25.93 1.87 5.10261
-66.8889 -25.9309 0.0 5.10261
-66.8874 -25.9225 1.71 5.10261
-66.887 -25.9295 0.5 5.10261
-66.8964 -25.9377 0.1 5.18581
-66.885 -25.9379 0.58 5.18581
-66.8887 -25.9289 -0.64 5.10261
-66.8938 -25.92 1.73 5.10261
-66.895 -25.9403 1.68 5.18581
-66.8943 -25.9294 2.91 5.10261
-67.5543 -26.5394 5.17 3.16394
-67.2301 -26.864 9.22 4.06636
-66.8897 -25.9318 0.78 5.10261
-66.8868 -25.9161 2.03 4.99486
-66.8891 -25.9358 1.14 5.18581
-66.8977 -25.924 4.43 5.10261
-66.8864 -25.9294 1.41 5.10261
-66.8941 -25.9331 2.01 5.10261
-66.8861 -25.9329 1.42 5.10261
-66.8973 -25.9358 2.79 5.18581
-66.8828 -25.9254 2.91 5.02703
-66.8836 -25.9302 0.44 5.10261
-66.9005 -25.9116 1.13 5.03014
-66.8741 -25.9354 0.26 5.09653
-67.2891 -26.4286 3.53 3.48317
-66.8021 -25.9371 2.39 4.7625
-66.885 -25.9294 0.12 5.10261
-67.2977 -26.4247 5.3 3.48317
-66.9008 -25.9317 3.6 5.14561
-66.8897 -25.9221 2.97 5.10261
-66.8898 -25.9313 2.88 5.10261
-66.8993 -25.9374 3.02 5.18581
-66.891 -25.9412 2.38 5.18581
-66.9018 -25.9275 3.07 5.14561
-66.9038 -25.9399 2.88 5.23753
-66.8955 -25.9313 0.66 5.10261
-66.9034 -25.9369 1.95 5.23753
-66.9012 -25.9232 1.68 5.14561
-66.905 -25.9397 2.58 5.23753
-66.8886 -25.9374 1.38 5.18581
-66.8903 -25.9291 1.64 5.10261
-66.8937 -25.9358 1.05 5.18581
-66.8819 -25.9246 1.78 5.02703
-66.8928 -25.9163 3.05 4.99486
-66.8842 -25.9279 1.58 5.10261
-66.8971 -25.9388 1.82 5.18581
-66.8917 -25.9414 2.84 5.18581
-66.9047 -25.9375 3.54 5.23753
-66.8895 -25.9265 1.57 5.10261
-66.8967 -25.9339 0.63 5.18581
-66.8845 -25.9223 0.39 5.10261
-67.0218 -26.6486 4.34 4.20683
-66.8903 -25.9294 1.95 5.10261
-66.8851 -25.9243 1.66 5.10261
-66.8881 -25.9342 1.67 5.18581
-66.8907 -25.9361 0.69 5.18581
-66.9013 -25.9286 2.13 5.14561
-66.8839 -25.931 1.77 5.10261
-66.8962 -25.9266 2.24 5.10261
-66.8969 -25.9326 0.3 5.10261
-67.6551 -26.6026 3.4 3.75811
-66.8929 -25.9301 0.51 5.10261
-66.8946 -25.9338 3.1 5.18581
-67.1231 -26.9929 8.56 3.81508
-66.8947 -25.933 1.05 5.10261
-66.887 -25.9289 1.9 5.10261
-66.8832 -25.935 0.73 5.09653
-67.0187 -26.6344 1.87 4.20683
-66.8839 -25.9165 1.66 4.99486
-66.8869 -25.9283 2.49 5.10261
-66.8927 -25.9353 -0.03 5.18581
-67.305 -26.4378 3.32 3.33528
-66.7572 -25.9777 0.4 4.53325
-66.8899 -25.9323 0.34 5.10261
-66.8834 -25.9364 0.97 5.18581
-66.898 -25.9172 2.82 5.10261
-66.8939 -25.9197 3.79 5.10261
-66.8832 -25.9343 0.75 5.09653
-66.8835 -25.9218 3.29 5.10261
-66.8909 -25.9302 0.29 5.10261
-66.8744 -25.9131 3.18 4.93314
-66.8901 -25.9309 0.07 5.10261
-66.8902 -25.9291 3.95 5.10261
-66.8937 -25.9291 3.5 5.10261
-67.025 -26.6429 4.8 4.20683
-66.8858 -25.9326 1.8 5.10261
-66.8862 -25.9252 2.82 5.10261
-66.8874 -25.9246 2.52 5.10261
-66.8866 -25.9273 2.5 5.10261
-66.8875 -25.9357 0.46 5.18581
-67.6247 -26.5576 6.76 3.54458
-67.8185 -25.9658 2.45 3.78114
-66.8928 -25.9344 2.2 5.18581
-66.8948 -25.9328 1.53 5.10261
-66.8957 -25.9268 1.41 5.10261
-67.3723 -26.5123 8.07 3.10589
-67.576 -25.6907 4.73 4.04719
-67.3544 -26.9191 5.75 4.19319
-66.8914 -25.9252 1.87 5.10261
-66.8915 -25.9959 3.11 5.16831
-67.0194 -26.6483 2.71 4.20683
-67.0545 -25.8913 2.33 5.03892
-66.8933 -25.9268 2.42 5.10261
-66.879 -25.925 2.41 5.02703
-67.7885 -25.8874 1.27 3.56217
-66.8917 -25.9273 1.86 5.10261
-66.8948 -25.9346 1.81 5.18581
-66.8939 -25.9333 1.47 5.10261
-67.7729 -25.8874 3.69 3.61636
-67.6545 -26.5954 2.77 3.73975
-66.8979 -25.9294 3.53 5.10261
-67.3197 -25.8327 4.25 4.12072
-67.8087 -25.9708 1.79 3.92928
-68.1625 -26.5249 -0.39 4.1775
-66.9956 -25.9576 2.28 4.98836
-66.9959 -25.9559 1.49 4.98836
-66.9993 -25.9571 3.96 4.98836
-66.9965 -25.9626 6.04 4.98836
-67.6702 -26.9093 0.73 3.65417
-68.0287 -26.5068 -0.21 4.51719
-66.3959 -26.0403 6.29 3.49161
-66.9323 -25.967 6.5 5.35889
-66.6631 -26.0686 3.66 4.66272
-66.9755 -25.7887 1.81 4.67464
-66.6268 -26.2787 23.59 4.40067
-67.6141 -26.674 2.5 3.65406
-67.6199 -26.6653 7.09 3.65681
-67.8767 -26.0763 0.56 4.17617
-67.6926 -26.6037 0.21 3.91686
-67.5564 -26.5599 6.36 3.20794
-67.6103 -26.5381 8.29 3.414
-67.4886 -26.5725 7.38 3.11964
-67.6008 -26.6812 -0.9 3.65406
-67.6086 -26.527 5.71 3.39472
-67.8761 -25.9251 -0.9 3.39667
-66.9717 -25.7946 3.95 4.67464
-67.9061 -26.192 -0.9 3.78675
-67.8396 -26.0956 5.82 4.48522
-66.9734 -25.7919 1.78 4.67464
-67.2113 -26.3302 4.32 4.14533
-66.6623 -26.0688 0.42 4.66272
-68.0286 -26.6653 0.14 4.76403
-67.2097 -26.3252 5.22 4.14533
-67.6255 -26.681 2.16 3.68808
-67.4161 -25.4908 7.29 4.29819
-67.3842 -25.4988 11.07 4.26433
-67.3161 -25.8319 5.21 4.16439
-67.4077 -25.4932 6.49 4.29819
-67.4227 -25.4857 9.04 4.26794
-67.4155 -25.4929 6.07 4.29819
-67.4156 -25.4943 6.83 4.29819
-67.3667 -26.749 9.28 3.94664
-67.9082 -26.1052 -0.9 3.83708
-67.0169 -25.859 4.23 4.89481
-66.8876 -26.0665 1.98 4.89453
-67.8145 -25.912 2.62 3.58472
-67.8191 -25.9134 -0.9 3.50669
-67.8261 -25.9161 -0.07 3.50669
-67.539 -26.4346 9.89 3.03133
-67.0847 -26.0061 9.0 4.87864
-67.0213 -26.6446 6.2 4.20683
-67.8172 -25.9092 -0.9 3.50669
-67.1703 -25.4582 3.55 4.11583
-67.1256 -26.9126 5.21 3.853
-66.6155 -26.3027 0.05 4.32833
-66.9234 -26.4879 2.65 3.44811
-67.0335 -26.7271 7.86 3.86275
-67.0921 -25.7294 3.89 4.60078
-67.603 -26.6676 5.17 3.65406
-67.9379 -26.11 12.85 3.50047
-67.4237 -25.4893 7.25 4.26794
-66.6302 -26.3071 9.26 4.29117
-66.6221 -26.3068 1.64 4.29117
-67.0385 -26.8099 6.2 3.86917
-66.623 -26.305 3.26 4.29117
-67.0328 -26.7299 7.74 3.79833
-67.6442 -26.5601 8.11 3.61144
-67.6985 -26.6031 -0.98 3.91686
-67.3691 -26.4479 16.44 3.07833
-67.2435 -26.1014 10.18 4.19406
-67.0887 -25.727 4.54 4.60078
-67.1893 -25.563 -0.9 4.55031
-67.6101 -26.6676 5.99 3.65406
-67.6158 -26.6757 1.54 3.65406
-67.3004 -26.4318 5.57 3.34858
-67.0487 -26.7433 5.09 3.81789
-67.6015 -26.6874 2.16 3.70728
-67.6051 -26.6933 1.87 3.70728
-67.6099 -26.6755 3.72 3.65406
-66.684 -26.3074 3.36 4.18806
-67.4159 -25.4821 -0.38 4.23844
-66.8043 -25.966 -0.9 4.74669
-67.0223 -25.7069 6.62 4.79414
-67.0466 -26.7513 4.06 3.80847
-66.6256 -26.3072 -0.16 4.29117
-67.0817 -26.5204 3.39 5.18128
-67.0729 -26.5247 2.02 5.18128
-67.8951 -26.3137 0.26 4.05928
-67.2967 -25.8346 3.79 4.17069
-67.1575 -26.6546 8.33 4.32628
-67.6424 -26.6348 4.57 3.70719
-67.3119 -25.8284 3.74 4.16439
-67.6259 -26.6702 3.13 3.68808
-67.0761 -26.5409 4.0 5.22428
-66.7884 -25.9629 5.95 4.66703
-67.8096 -25.9796 14.71 3.92928
-67.0585 -26.97 9.92 3.97219
-67.5675 -26.3935 18.78 3.26931
-67.6238 -26.525 6.58 3.47953
-66.9273 -25.6881 5.28 4.39625
-67.6439 -26.3551 7.6 3.43561
-67.2477 -25.7752 4.85 4.34642
-67.3936 -26.4444 4.2 3.05803
-67.0071 -26.934 7.82 3.84817
-67.6643 -26.5776 3.25 3.70583
-67.1189 -26.9956 7.47 3.81508
-67.2315 -26.8287 5.72 3.90592
-67.2069 -25.4473 6.62 4.21656
-67.174 -26.4563 4.19 3.87247
-67.641 -26.7291 6.81 3.86947
-67.6352 -26.7261 5.52 3.86947
-67.6385 -26.7427 1.01 3.93722
-67.6319 -26.7156 6.13 3.78844
-67.6358 -26.7326 3.36 3.86947
-67.6437 -26.7456 1.82 3.93722
-67.6419 -26.7302 5.7 3.86947
-67.6347 -26.7262 7.23 3.86947
-67.6317 -26.7354 6.27 3.91747
-67.6311 -26.7453 3.79 3.91747
-67.8962 -26.2133 -0.01 3.89258
-67.6266 -26.768 3.36 4.04064
-67.6818 -26.65 -0.15 3.85061
-67.632 -26.7378 3.01 3.91747
-67.629 -26.7532 3.4 3.98619
-67.6323 -26.7277 3.72 3.84978
-66.623 -26.2965 6.51 4.35853
-67.6326 -26.7325 1.97 3.84978
-67.8848 -26.0697 12.68 3.97408
-67.6253 -26.7523 3.56 3.98619
-67.3198 -25.8377 4.96 4.08231
-67.3865 -26.53 10.72 3.08628
-67.229 -26.8303 8.1 3.90592
-66.9347 -26.495 4.79 3.57578
-68.1714 -26.7943 7.17 4.90278
-66.6108 -26.3022 -0.55 4.32833
-67.8847 -26.2063 3.72 3.89258
-66.9914 -26.8004 9.81 3.73419
-67.0019 -25.8251 2.81 4.82328
-67.8837 -26.1636 3.35 3.92125
-67.8837 -26.1664 3.72 3.92125
-66.9059 -26.8857 7.36 3.46142
-67.6559 -25.7312 11.4 3.59906
-67.1939 -25.6148 6.69 4.66667
-67.2071 -25.6218 5.14 4.59278
-67.6212 -25.8179 10.3 4.38244
-66.5893 -26.3727 -0.9 4.07192
-67.9426 -26.4639 -0.29 4.83297
-67.9486 -26.4643 5.31 4.83297
-67.3644 -26.8986 11.07 4.13497
-66.6164 -26.3058 1.01 4.32833
-66.6121 -26.3062 4.7 4.32833
-67.1959 -26.2428 9.81 4.09261
-66.4041 -26.4686 6.02 4.14731
-67.8332 -26.1104 -0.24 4.50194
-66.8129 -26.3672 2.51 4.14819
-67.1909 -26.2398 7.65 4.09261
-66.9359 -26.4086 1.8 3.98714
-66.681 -26.7749 7.53 4.10942
-67.2916 -26.3887 3.32 3.48442
-67.5245 -26.1614 29.33 3.5815
-66.8677 -26.2556 2.18 4.28875
-67.1133 -26.8079 4.88 3.87292
-66.8281 -26.3584 2.47 4.20344
-66.9218 -26.1072 7.53 4.74614
-66.9304 -26.1028 8.44 4.74614
-67.6091 -26.5723 7.03 3.45414
-66.9319 -26.1056 6.14 4.74614
-67.6384 -26.6107 4.52 3.69094
-67.0873 -25.727 5.91 4.60078
-67.7179 -25.8928 10.7 3.66506
-66.9297 -26.1066 4.0 4.74614
-67.1909 -25.6443 4.66 4.61014
-67.7411 -25.8994 13.34 3.66406
-67.8971 -26.3284 18.69 4.10822
-66.9306 -26.1039 7.36 4.74614
-66.9364 -26.1058 4.31 4.721
-66.9319 -26.1081 2.69 4.74614
-67.3562 -26.9136 10.3 4.16744
-66.927 -26.1074 3.16 4.74614
-66.6553 -26.5073 8.1 3.68858
-66.6146 -26.3042 -0.14 4.32833
-66.9971 -26.1431 12.56 4.63839
-66.943 -26.0963 10.51 4.75614
-67.0829 -25.8896 9.87 5.07719
-67.0481 -26.7444 4.48 3.81789
-66.6593 -26.0755 0.45 4.66272
-66.6571 -26.0757 -0.9 4.66272
-66.6791 -26.2457 0.38 4.39172
-67.5474 -26.5272 11.95 3.08989
-66.656 -26.1814 0.2 4.51075
-66.6549 -26.1775 2.72 4.51075
-67.126 -26.5472 7.58 4.69531
-66.6553 -26.1786 2.42 4.51075
-67.1005 -26.8001 9.3 3.87292
-67.1128 -26.8032 4.84 3.87292
-67.1146 -26.8091 5.32 3.87292
-67.1196 -26.8112 4.34 3.85283
-67.1143 -26.8066 5.02 3.87292
-67.1154 -26.8127 4.29 3.87292
-67.1141 -26.8019 4.96 3.87292
-67.1172 -26.8083 5.23 3.85283
-67.1796 -26.385 11.91 3.89939
-67.1115 -26.8052 7.27 3.87292
-67.9167 -25.9119 8.5 3.53881
-66.4769 -26.4052 9.46 4.26153
-66.6532 -26.2707 3.86 4.34472
-66.7796 -26.3506 0.72 4.07367
-67.0609 -26.9959 11.55 3.90694
-67.6382 -26.6194 9.44 3.70139
-67.1224 -26.8224 6.49 3.87219
-66.6606 -26.2575 0.47 4.37731
-67.0989 -26.5506 4.92 5.16142
-67.1064 -26.804 7.51 3.87292
-67.278 -26.5101 3.88 3.40492
-67.6686 -25.7332 7.71 3.50317
-66.4925 -26.7066 1.66 3.38711
-66.9779 -25.6671 11.32 4.68803
-66.9912 -26.8053 10.58 3.73419
-66.6542 -26.2693 0.01 4.34472
-67.6721 -26.5972 12.32 3.81178
-66.9939 -26.8062 9.96 3.73419
-66.995 -26.8043 9.89 3.73419
-66.9953 -26.8069 10.03 3.73419
-66.9962 -26.8052 9.75 3.73419
-66.9942 -26.8051 9.73 3.73419
-67.8511 -26.1703 4.18 4.05194
-67.7715 -26.7375 4.24 4.32972
-66.9964 -26.8073 10.49 3.73419
-67.3054 -26.3993 3.81 3.33556
-66.9962 -26.8033 11.0 3.73419
-67.2773 -26.5093 2.97 3.40492
-66.852 -26.3902 3.27 4.10272
-67.8118 -26.028 6.93 4.16547
-67.7767 -25.9086 9.58 3.70781
-66.6308 -26.9545 23.83 3.19317
-67.6411 -26.6149 6.54 3.69094
-67.6372 -25.7225 4.21 3.71233
-67.6187 -25.7287 22.6 3.85811
-67.6355 -25.7291 9.91 3.71233
-67.6329 -25.7249 11.88 3.85811
-66.9702 -25.8266 1.18 4.66725
-67.6335 -25.7228 11.24 3.71233
-67.6335 -25.7221 10.72 3.71233
-66.9896 -26.8037 10.65 3.73419
-67.6178 -25.7269 12.52 3.85811
-67.6831 -26.6026 7.15 3.83792
-67.8448 -26.0896 0.2 4.48522
-67.6567 -25.7299 11.33 3.59906
-66.7064 -26.0208 0.9 4.53592
-67.0212 -26.9588 5.84 3.92219
-66.9801 -25.8214 3.47 4.66725
-67.3068 -25.8462 3.58 4.13672
-67.6332 -25.7202 11.34 3.85811
-67.0446 -25.6948 8.0 4.74392
-67.3722 -26.8302 10.18 4.02594
-67.0563 -25.695 7.01 4.67794
-67.3062 -25.8498 2.44 4.13672
-67.6344 -25.7204 10.59 3.71233
-67.9243 -26.1491 10.19 3.64492
-67.5295 -26.4837 14.26 3.03622
-67.8772 -26.0583 9.03 4.08289
-66.9348 -25.7023 5.73 4.4825
-67.6338 -25.7208 10.69 3.71233
-67.044 -25.6926 8.74 4.74392
-67.8954 -26.3651 0.53 4.22628
-67.6211 -26.7287 12.78 3.84978
-66.4176 -26.6429 5.34 3.16614
-67.8488 -26.0196 9.81 4.09053
-67.6831 -25.7827 6.52 3.76297
-67.1896 -25.6379 5.2 4.61014
-67.8234 -26.0462 3.37 4.27694
-67.3091 -26.4027 9.66 3.35314
-67.6821 -25.7726 6.7 3.76297
-67.6766 -25.7619 9.05 3.69042
-67.6746 -25.7566 8.28 3.69042
-67.6346 -25.7162 10.41 3.56022
-66.664 -26.0691 0.43 4.66272
-67.6358 -25.7204 9.48 3.71233
-67.8557 -26.1186 0.32 4.34528
-67.3066 -25.8467 3.23 4.13672
-66.6952 -26.0583 -0.9 4.61431
-66.6592 -26.0679 0.47 4.66272
-67.21 -26.0299 8.43 4.61967
-66.66 -26.0703 -0.02 4.66272
-67.2217 -26.0183 12.23 4.49122
-67.2154 -26.0227 10.52 4.61967
-67.2162 -26.0269 10.38 4.61967
-67.2171 -26.0256 11.66 4.49122
-67.2156 -26.0264 10.8 4.61967
-67.203 -26.0275 5.67 4.61967
-66.6616 -26.0692 -0.04 4.66272
-66.3936 -26.0724 1.29 3.60339
-67.7505 -25.5271 15.1 4.66772
-66.6583 -26.0685 -0.11 4.66272
-66.6629 -26.0671 0.42 4.66272
-66.6613 -26.0667 1.22 4.66272
-66.6739 -26.0621 1.21 4.61139
-66.664 -26.065 1.1 4.63133
-66.6645 -26.0643 -0.2 4.63133
-67.6106 -25.6784 10.22 3.57878
-66.4133 -25.9026 -0.16 3.3475
-67.2836 -26.5079 3.22 3.34656
-66.669 -26.0575 -0.39 4.61139
-67.8518 -26.3268 0.35 4.14589
-66.5943 -26.2209 12.11 4.54336
-67.2799 -26.5062 3.04 3.40492
-66.7598 -26.1322 -0.72 4.61581
-67.8924 -26.1074 6.77 4.04297
-67.2879 -26.5176 3.61 3.35364
-66.5194 -26.6331 14.16 4.10131
-67.6697 -25.7191 0.67 3.50317
-66.5879 -26.2238 1.18 4.54336
-67.1586 -25.5488 3.28 4.46003
-67.0128 -26.8075 8.22 3.75692
-67.4592 -26.5201 4.77 3.03622
-67.175 -25.5525 5.47 4.56842
-67.1712 -25.5475 6.46 4.48767
-67.0137 -26.8037 8.74 3.75692
-66.475 -26.6883 16.2 3.28778
-67.9423 -26.4671 3.13 4.88072
-67.6824 -25.7631 8.68 3.69042
-67.712 -25.8878 7.18 3.67519
-67.2143 -26.0266 11.86 4.61967
-66.3948 -25.8955 1.61 3.15606
-67.156 -26.9298 6.19 3.98375
-67.1721 -26.6097 8.87 4.35028
-67.1713 -26.61 7.79 4.35028
-67.1825 -26.6121 8.46 4.35028
-67.1783 -26.6109 9.22 4.35028
-68.1968 -26.8054 3.23 4.90575
-68.1925 -26.8122 3.17 4.90575
-68.1958 -26.8004 0.59 4.90575
-68.1955 -26.8056 1.46 4.90575
-68.1838 -26.7954 -0.02 4.89875
-67.1749 -26.6131 7.94 4.35028
-66.9235 -26.3998 18.71 3.96947
-68.2041 -26.8135 0.75 4.92561
-67.1701 -26.4463 5.47 3.84514
-66.5671 -26.811 17.48 3.53783
-67.179 -26.6126 8.41 4.35028
-66.6145 -26.3019 10.69 4.32833
-66.623 -26.3152 1.07 4.29117
-67.0788 -26.7892 8.44 3.88333
-67.8381 -25.7426 28.83 3.78231
-67.8403 -25.732 11.5 3.95825
-67.8832 -26.339 5.73 4.15786
-67.2315 -26.4676 16.44 3.64489
-67.2189 -26.4601 15.58 3.65564
-67.2116 -26.4539 11.65 3.71422
-67.0648 -26.039 7.04 4.73714
-67.2271 -26.0072 13.46 4.46467
-67.2225 -26.02 11.77 4.49122
-67.0701 -26.0445 4.68 4.78794
-67.9053 -26.1467 6.88 3.80406
-67.1398 -26.5366 13.6 4.44747
-67.295 -25.8646 7.67 4.14889
-67.2517 -26.7172 6.88 3.81419
-67.2422 -26.7174 8.6 3.79464
-67.2712 -26.6996 9.41 3.86567
-67.1018 -26.5136 2.15 4.78347
-67.6334 -25.7261 12.39 3.71233
-66.8055 -26.3966 -0.17 4.12931
-67.6376 -25.7241 8.45 3.71233
-67.0747 -26.0391 4.38 4.78794
-67.0671 -26.0383 7.31 4.78794
-67.0708 -26.0403 4.55 4.78794
-66.6904 -26.228 10.46 4.42433
-67.0638 -26.0379 9.84 4.73714
-67.0712 -26.036 8.86 4.78794
-67.0634 -26.0436 3.13 4.73714
-67.0364 -26.0484 9.41 4.69556
-67.0548 -26.036 11.2 4.73714
-66.6227 -26.3097 -0.17 4.29117
-67.0634 -26.0412 8.49 4.73714
-66.9763 -25.8295 3.51 4.66725
-67.1938 -26.894 9.45 4.15397
-67.8095 -26.0304 0.09 4.16547
-67.8109 -26.0231 3.18 4.16547
-67.1964 -26.9004 8.83 4.16969
-67.1898 -26.8946 9.16 4.15397
-67.1913 -26.8977 7.87 4.15397
-67.2252 -26.9013 3.47 4.28214
-67.0668 -26.0395 4.69 4.78794
-67.0744 -26.0325 6.18 4.81508
-67.0665 -26.0364 8.42 4.73714
-67.751 -25.8314 2.04 3.37008
-67.1101 -25.7987 5.29 4.75436
-68.0061 -26.9779 2.03 4.42472
-66.8269 -25.8328 12.0 4.69061
-66.8247 -25.8374 2.54 4.68283
-66.8596 -25.8067 23.15 4.73858
-66.8206 -25.8373 12.7 4.68283
-66.825 -25.8388 8.5 4.68283
-67.8202 -25.9733 9.99 3.872
-67.6285 -26.7184 4.24 3.84978
-66.6899 -26.2512 12.59 4.371
-67.1942 -26.9022 6.53 4.16969
-67.0758 -26.0379 6.78 4.78794
-66.9798 -26.3348 4.71 4.57053
-66.6168 -26.3057 1.75 4.29117
-66.8756 -26.2924 9.86 4.28719
-66.9802 -25.7999 3.13 4.67464
-66.9725 -25.8054 4.46 4.66883
-66.9767 -25.802 2.88 4.66883
-66.9778 -25.8017 2.72 4.66883
-66.9773 -25.8056 3.63 4.66883
-66.9713 -25.8055 4.59 4.66883
-67.1778 -26.4438 5.09 3.84514
-67.0798 -25.8763 7.57 5.08536
-67.0758 -25.8814 7.76 5.08536
-67.044 -25.6952 7.67 4.74392
-67.0442 -25.695 7.5 4.74392
-67.1899 -26.9039 7.56 4.16969
-67.9195 -26.1296 4.6 3.64856
-67.075 -25.8799 8.27 5.08536
-67.0789 -25.8791 7.17 5.08536
-67.0709 -26.0332 8.07 4.81508
-67.1096 -25.8007 5.77 4.81294
-67.0779 -25.8811 7.1 5.08536
-66.3865 -26.0794 1.57 3.60339
-67.0535 -26.0344 9.22 4.73714
-67.0575 -26.0364 7.96 4.73714
-66.9791 -25.8008 3.34 4.66883
-67.183 -26.4499 7.37 3.84514
-67.4188 -26.8211 10.41 4.05969
-67.0695 -26.0408 3.03 4.78794
-67.0718 -26.035 6.4 4.78794
-67.0696 -26.0344 8.57 4.78794
-67.0716 -26.0335 6.71 4.78794
-66.7628 -26.0766 1.84 4.65208
-66.5646 -26.3031 24.65 4.55519
-67.8256 -26.0046 10.55 4.05328
-67.1994 -26.2642 12.76 4.13919
-67.6978 -25.8659 8.77 3.66311
-67.7007 -25.8623 2.25 3.60494
-67.6958 -25.8666 8.34 3.66311
-66.8072 -25.998 0.74 4.719
-68.1046 -26.5699 15.49 4.23875
-67.6987 -25.8688 7.4 3.67242
-66.9153 -26.3445 4.35 4.18481
-67.8355 -26.1153 3.33 4.47611
-67.8182 -25.9948 5.24 3.96178
-67.6844 -25.8185 11.04 3.65806
-66.9806 -25.8051 3.45 4.66883
-67.8057 -25.9847 13.95 4.00253
-66.9722 -25.8074 4.27 4.66883
-67.0334 -25.7156 7.56 4.76161
-66.9746 -25.7981 2.58 4.67464
-66.6614 -26.0704 -0.4 4.66272
-66.9801 -25.805 1.97 4.66883
-66.9724 -25.81 4.54 4.66883
-67.1768 -26.4449 7.39 3.84514
-67.6417 -26.7153 -0.9 3.81211
-66.6673 -26.0562 -0.09 4.61139
