-67.655078 -26.629547 -8.401 112 75 46 2.4 -67.655078 -26.629547 2 8.401
-67.621436 -26.661926 -2.628 147 77 -6 2.16 -67.621436 -26.661926 8 2.628
-67.346615 -26.923779 -8.756 127 88 -13 2.15 -67.346615 -26.923779 11 8.756
-67.280514 -26.732381 -6.394 272 77 29 1.85 -67.280514 -26.732381 19 6.394
-66.985083 -26.957874 -5.683 122 69 -17 1.84 -66.985083 -26.957874 22 5.683
-67.620292 -26.553198 -8.963 95 77 -56 1.82 -67.620292 -26.553198 24 8.963
-67.349776 -26.521134 -4.819 329 78 2 2.49 -67.349776 -26.521134 30 4.819
-66.895752 -27.155912 -11.485 142 89 -33 2.28 -66.895752 -27.155912 32 11.485
-67.540649 -26.483374 -10.518 137 84 20 2.09 -67.540649 -26.483374 35 10.518
-67.541467 -26.484288 -10.858 136 84 18 2.82 -67.541467 -26.484288 36 10.858
-67.635042 -26.72797 -4.794 327 77 2 3.52 -67.635042 -26.72797 45 4.794
-67.632638 -26.726919 -4.58 159 72 -16 2.71 -67.632638 -26.726919 46 4.58
-66.998201 -26.807332 -9.591 323 66 -17 2.88 -66.998201 -26.807332 51 9.591
