-67.927401 -26.174813 -0.755 214 27 -30 2.14 -67.927401 -26.174813 9 0.755
-67.813163 -26.019497 -1.975 159 43 77 2.41 -67.813163 -26.019497 18 1.975
-67.888025 -26.358492 -7.489 325 65 67 2.64 -67.888025 -26.358492 25 7.489
-67.805986 -25.973582 -2.885 103 83 -6 2.25 -67.805986 -25.973582 26 2.885
-67.910388 -26.408118 -6.867 155 33 50 2.03 -67.910388 -26.408118 27 6.867
-67.657918 -25.729773 -10.882 347 55 32 3.17 -67.657918 -25.729773 31 10.882
-67.903569 -26.187614 0 219 36 -59 1.9 -67.903569 -26.187614 37 0
-67.81724 -25.911481 -1.669 11 52 -73 2.42 -67.81724 -25.911481 44 1.669
-67.890015 -26.160785 -1.4 75 85 89 2.92 -67.890015 -26.160785 48 1.4
-67.701839 -25.865515 -5.72 147 21 5 2.61 -67.701839 -25.865515 56 5.72
