  -70.34877      -20.36926       26.36000    
  -69.83414      -19.90457       87.99000    
  -70.09830      -19.37854       63.43000    
  -69.83387      -20.88014       85.25000    
  -69.82206      -20.18062       54.65000    
  -69.89725      -21.51243       63.74001    
  -70.03835      -20.67675       50.21000    
  -69.70828      -20.45495       80.48000    
  -70.32013      -21.29494       38.82000    
  -70.49346      -19.39628       51.17000    
  -69.71178      -20.27676       55.56000    
  -70.02372      -20.92215       74.29000    
  -70.06947      -20.91888       41.44000    
  -69.96450      -20.32416       60.42000    
  -70.06626      -19.94999       54.13000    
  -69.85054      -20.42577       56.73000    
  -70.10725      -20.43391       45.16000    
  -70.21813      -19.95481       56.89000    
  -70.00310      -21.62180       74.87000    
  -70.03505      -21.10651       60.27000    
  -69.84632      -20.64594       61.79000    
  -70.03477      -20.75011       50.63000    
  -69.81242      -20.89738       77.55000    
  -69.91411      -20.64892       53.97000    
  -69.77460      -21.15022       57.99000    
  -70.27097      -21.30711       47.15000    
  -69.96383      -21.41824       58.10000    
  -69.93642      -21.29471       46.01000    
  -69.83858      -21.27888       60.41000    
  -69.93594      -21.27025       53.17000    
  -69.79086      -21.33059       23.48000    
  -69.84229      -21.03065       62.80000    
  -69.73763      -21.38854       65.67000    
  -71.26508      -20.15955       21.12516    
  -71.22784      -20.09780       9.626733    
  -70.76371      -20.15505       23.35566    
  -70.65567      -20.34912       42.96540    
  -70.71871      -20.13549       43.21858    
  -70.71407      -20.40775       32.09663    
  -70.47659      -20.58510       21.38899    
  -70.59247      -20.53256       45.01553    
  -70.23927      -20.88439       13.73403    
  -70.35333      -20.74014       30.98125    
  -70.67223      -21.15966       26.35363    
  -70.83364      -20.92348       14.43610    
  -71.00296      -20.89332       10.44745    
  -71.28516      -20.70990       48.09030    
  -71.40662      -20.53107       37.69201    
  -71.44214      -20.62568       33.12252    
  -70.58092      -21.75080       47.02422    
  -70.72127      -21.92521       39.17252    
  -70.90739      -21.90271       16.04301    
  -71.24335      -21.73418       11.88869    
  -71.50360      -21.60348       45.18134    
  -71.45584      -21.49369       45.41674    
  -71.60211      -19.75654       22.24891    
  -71.22592      -19.81510       13.88624    
  -71.36938      -20.37459       36.73154    
  -71.54083      -20.20303       41.57605    
  -71.18378      -20.14746       39.21524    
  -71.33502      -20.11586       30.84490    
  -71.21536      -20.02112       39.76270    
  -71.09387      -19.92488       37.47604    
  -71.37506      -20.69490       33.11171    
  -70.64676      -20.37595       14.07201    
  -70.67182      -20.60766       33.12271    
  -70.89678      -20.84223       21.25865    
  -70.44498      -20.84071       47.24540    
  -70.38483      -21.04531       1.942814    
  -70.62932      -21.36422       37.06865    
  -70.86053      -21.66199       22.53965    
  -71.13589      -21.50991       38.70816    
  -71.15036      -20.95350       17.22618    
  -70.38539      -21.63898       58.52038    
  -70.62724      -21.66798       19.31060    
  -70.72112      -21.53266       30.21279    
  -70.86758      -21.58670       9.289397    
  -71.15784      -21.24378       35.00292    
  -70.94822      -20.91590       32.75267    
  -70.95033      -20.97753       23.65644    
  -71.30695      -21.23034       26.98306    
  -71.59265      -18.77661       5.669283    
  -71.30658      -18.86853       18.89971    
  -71.33820      -19.31497       15.75706    
  -71.55243      -19.56923       29.52764    
  -71.41919      -19.40545       11.68759    
  -71.50830      -19.59778       43.37226    
  -71.54666      -19.49707       30.08107    
  -70.77227      -18.92233       64.39431    
  -70.74346      -19.21423       21.00886    
  -70.41717      -18.92715       13.37257    
  -70.59501      -18.73157       10.54237    
  -70.21554      -19.03041      0.5290298    
  -70.56020      -18.74055       16.57430    
  -71.50674      -18.55421       49.23243    
  -70.11311      -19.32273       18.65682    
  -70.83346      -19.36456       8.385789    
  -71.47125      -19.27115       7.905460    
  -71.43866      -18.93173       26.83548    
  -71.52985      -18.66405       28.35829    
  -71.11133      -18.89997       25.33111    
  -70.11457      -19.45995       24.31868    
