-66.554 -26.387
-66.549 -26.409
-66.544 -26.433
-66.534 -26.460
-66.527 -26.493
-66.527 -26.524
-66.527 -26.553
-66.519 -26.580
-66.502 -26.613
-66.487 -26.644
-66.475 -26.668
-66.465 -26.679
>>

>>
-67.1087 -27.0086
-67.1135 -27.0410
-67.1232 -27.0669
-67.1448 -27.0994
-67.1688 -27.1275
-67.1904 -27.1491
-67.2120 -27.1664
-67.2385 -27.1923
-67.2481 -27.2183
-67.2602 -27.2528
-67.2650 -27.2787
-67.2699 -27.3047
>>
-67.3045 -26.7691
-67.3237 -26.7907
-67.3381 -26.8145
-67.3454 -26.8339
-67.3574 -26.8534
-67.3646 -26.8728
-67.3695 -26.9009
-67.3815 -26.9268
-67.4056 -26.9614
-67.4176 -26.9895
-67.4273 -27.0197
-67.4345 -27.0586
-67.4418 -27.0910
-67.4418 -27.1105
>>
-67.460 -26.563
-67.449 -26.551
-67.429 -26.544
-67.417 -26.538
-67.403 -26.533
-67.390 -26.526
-67.375 -26.518
-67.362 -26.513
-67.355 -26.507
-67.346 -26.500
-67.333 -26.494
-67.322 -26.488
-67.312 -26.482
-67.298 -26.477
-67.289 -26.476
>>
-67.464 -26.688
-67.455 -26.676
-67.445 -26.663
-67.434 -26.651
-67.429 -26.640
-67.418 -26.630
-67.401 -26.618
-67.386 -26.606
-67.374 -26.594
-67.358 -26.582
-67.344 -26.574
-67.333 -26.569
-67.317 -26.560
-67.304 -26.552
>>
-67.445 -26.600
-67.430 -26.592
-67.417 -26.587
-67.406 -26.577
-67.390 -26.567
-67.378 -26.555
-67.366 -26.542
-67.355 -26.533
-67.341 -26.524
-67.329 -26.518
-67.316 -26.513
-67.300 -26.510
>>

>>
-66.5848 -26.3083
-66.5849 -26.3342
-66.5826 -26.3579
-66.5850 -26.3838
-66.5851 -26.4054
-66.5875 -26.4292
-66.5972 -26.4508
>>
-67.088 -26.675
-67.098 -26.692
-67.104 -26.704
-67.107 -26.719
-67.111 -26.732
-67.112 -26.745
-67.115 -26.760
-67.115 -26.775
-67.115 -26.788
-67.115 -26.808
-67.114 -26.824
-67.114 -26.837
-67.112 -26.852
-67.111 -26.862
>>
-67.1966 -26.7236
-67.2182 -26.7409
-67.2374 -26.7560
-67.2518 -26.7733
-67.2614 -26.7906
-67.2711 -26.8101
-67.2831 -26.8274
-67.2927 -26.8490
-67.2952 -26.8684
>>

>>
-67.542 -26.842
-67.522 -26.832
-67.504 -26.819
-67.487 -26.808
-67.472 -26.795
-67.460 -26.788
-67.447 -26.777
-67.422 -26.768
-67.402 -26.761
-67.373 -26.749
-67.353 -26.742
-67.330 -26.731
-67.314 -26.726
-67.292 -26.720
-67.280 -26.713
-67.264 -26.705
-67.249 -26.695
-67.229 -26.692
-67.216 -26.688
-67.195 -26.683
-67.175 -26.677
-67.163 -26.677

>>
-67.7376 -26.5773
-67.7496 -26.6011
-67.7521 -26.6205
-67.7521 -26.6443
-67.7497 -26.6594
-67.7450 -26.6724
>>
-67.036 -26.736
-67.025 -26.750
-67.015 -26.759
-67.001 -26.774
-66.988 -26.793
-66.972 -26.815
-66.959 -26.835
-66.948 -26.854
-66.936 -26.871
-66.927 -26.884
-66.919 -26.895
>>

>>

>>

>>
-66.864 -26.673
-66.859 -26.684
-66.856 -26.699
-66.848 -26.712
-66.838 -26.724
-66.824 -26.739
-66.813 -26.753
-66.800 -26.766
-66.789 -26.777
-66.777 -26.785
-66.764 -26.799
-66.752 -26.815
-66.744 -26.822
-66.732 -26.830
-66.723 -26.838
-66.720 -26.844
>>


