-67.369 -25.509
-67.384 -25.516
-67.401 -25.527
-67.419 -25.538
-67.430 -25.549
-67.442 -25.560
-67.454 -25.574
-67.469 -25.584
-67.482 -25.591
-67.494 -25.600
-67.510 -25.610
-67.530 -25.622
-67.545 -25.637
-67.558 -25.649
-67.570 -25.658
-67.584 -25.669
-67.597 -25.681
-67.607 -25.692
-67.618 -25.702
-67.630 -25.711
-67.642 -25.719
-67.654 -25.727
-67.667 -25.733
-67.679 -25.736

>>
-67.6705 -26.5578
-67.6753 -26.5729
-67.6849 -26.5945
-67.6898 -26.6161
-67.6994 -26.6421
-67.7043 -26.6658
>>
-66.4887 -26.1829
-66.4840 -26.2217
-66.4817 -26.2520
-66.4746 -26.2822
-66.4651 -26.3103
-66.4532 -26.3448
-66.4365 -26.3707
>>
-67.037 -26.321
-67.037 -26.336
-67.040 -26.354
-67.042 -26.371
-67.047 -26.390
-67.051 -26.411
-67.054 -26.429
-67.057 -26.446
-67.059 -26.468
-67.062 -26.487
-67.062 -26.501
-67.066 -26.518
-67.068 -26.543
-67.071 -26.562
-67.074 -26.576
-67.072 -26.592
-67.071 -26.605
-67.063 -26.620
-67.056 -26.633
-67.047 -26.649
-67.039 -26.661
>>
-66.7599 -26.3927
-66.7480 -26.4229
-66.7313 -26.4466
-66.7289 -26.4682
-66.7290 -26.5050
-66.7387 -26.5395
-66.7435 -26.5676
-66.7484 -26.5978
-66.7509 -26.6389
-66.7414 -26.6670
-66.7295 -26.7015
-66.7200 -26.7296
-66.7105 -26.7555
-66.6914 -26.7835
-66.6770 -26.8073
-66.6579 -26.8267
-66.6508 -26.8353
>>
-66.895 -26.316
-66.906 -26.325
-66.915 -26.340
-66.922 -26.352
-66.924 -26.363
-66.919 -26.374
-66.918 -26.385
-66.915 -26.397
-66.913 -26.407
-66.912 -26.419
-66.915 -26.435
-66.918 -26.450
-66.919 -26.465
-66.919 -26.476
-66.919 -26.487
>>
-66.954 -26.373
-66.953 -26.387
-66.949 -26.400
-66.946 -26.412
-66.942 -26.433
-66.937 -26.446
-66.932 -26.461
-66.926 -26.479
-66.924 -26.494
-66.920 -26.506
>>
-66.848 -26.294
-66.845 -26.314
-66.844 -26.327
-66.842 -26.341
-66.836 -26.358
-66.829 -26.371
-66.821 -26.384
-66.817 -26.401
-66.814 -26.415
-66.809 -26.433
-66.806 -26.448
-66.805 -26.461
-66.802 -26.475
