-67.5686  -25.6746
-67.5718  -25.7154
-67.5783  -25.7416
-67.5848  -25.7707
-67.5977  -25.8086
-67.6139  -25.8582
-67.6236  -25.8990
-67.6365  -25.9543
-67.6495  -25.9893
-67.6656  -26.0272
-67.6818  -26.0621
-67.7045  -26.0942
-67.7271  -26.1291
-67.7530  -26.1670
-67.7789  -26.2020
-67.8080  -26.2311
-67.8144  -26.2661
-67.8241  -26.2981
-67.8403  -26.3477
-67.8500  -26.3972
-67.8565  -26.4293
-67.8662  -26.4613
-67.8791  -26.4963
-67.8856  -26.5254
>>
-67.6365  -25.8115
-67.6398  -25.8319
-67.6495  -25.8523
-67.6527  -25.8698
-67.6592  -25.8873
-67.6624  -25.9077
-67.6689  -25.9281
-67.6721  -25.9485
-67.6721  -25.9689
-67.6786  -25.9922
>>
-67.6721  -25.8290
-67.6753  -25.8523
-67.6818  -25.8756
-67.6883  -25.8960
-67.6915  -25.9193
-67.6980  -25.9427
-67.6980  -25.9689
-67.6980  -25.9951
-67.6980  -26.0184
-67.7077  -26.0388
-67.7142  -26.0505
>>
-67.6462  -25.6979
-67.6559  -25.7154
-67.6592  -25.7387
-67.6689  -25.7649
-67.6753  -25.7882
>>
-67.6818  -25.7358
-67.6915  -25.7562
-67.6980  -25.7824
-67.7045  -25.8115
-67.7142  -25.8436
-67.7206  -25.8611
>>
-67.7454  -25.8892
-67.7616  -25.9062
-67.7724  -25.9354
-67.7805  -25.9621
-67.7966  -25.9864
-67.8101  -26.0131
-67.8236  -26.0374
-67.8290  -26.0568
-67.8425  -26.0811
-67.8479  -26.1102
-67.8587  -26.1345
-67.8667  -26.1782
-67.8721  -26.1928
>>
-67.8155  -25.9645
-67.8452  -25.9815
-67.8640  -26.0106
-67.8775  -26.0349
-67.8910  -26.0592
-67.9045  -26.0908
-67.9126  -26.1175
-67.9260  -26.1490
-67.9368  -26.1782
-67.9476  -26.2098
-67.9557  -26.2413
-67.9584  -26.2705
-67.9611  -26.2972
-67.9665  -26.3312
-67.9719  -26.3700
-67.9773  -26.3846
>>
-67.7508  -25.8188
-67.7751  -25.8358
-67.8047  -25.8528
-67.8290  -25.8844
-67.8667  -25.9135
-67.8883  -25.9427
-67.8991  -25.9718
-67.9126  -26.0082
-67.9449  -26.0580
-67.9530  -26.1199
-67.9638  -26.1660
-67.9692  -26.1903
-67.9773  -26.2413
>>
-67.8101  -25.9014
-67.8236  -25.9111
-67.8344  -25.9257
-67.8425  -25.9378
-67.8560  -25.9499
-67.8640  -25.9669
-67.8748  -25.9839
-67.8829  -26.0082
-67.8937  -26.0228
-67.9018  -26.0398
-67.9099  -26.0592
-67.9153  -26.0762
>>
-67.8533  -26.2729
-67.8587  -26.2923
-67.8640  -26.3166
-67.8694  -26.3409
-67.8748  -26.3627
-67.8802  -26.3870
-67.8883  -26.4089
-67.8991  -26.4356
>>
