
-66.9699 -27.0797
-66.9939 -27.1100
-67.0108 -27.1359
-67.0156 -27.1683
-67.0373 -27.1986
-67.0709 -27.2202
-67.1116 -27.2419
-67.1428 -27.2765
-67.1788 -27.3067
-67.1981 -27.3413
-67.2245 -27.3845
-67.2486 -27.4213
-67.2966 -27.4580
-67.3158 -27.4861
>>
-67.8057 -27.0396
-67.8226 -27.0763
-67.8299 -27.1152
-67.8468 -27.1606
-67.8565 -27.2081
-67.8733 -27.2556
-67.8854 -27.2881
-67.8974 -27.3205
-67.9143 -27.3486
-67.9215 -27.3680
-67.9192 -27.3853

>>
-66.482 -26.722
-66.484 -26.744
-66.489 -26.762
-66.497 -26.782
-66.509 -26.801
-66.527 -26.806
-66.544 -26.813
-66.559 -26.815
>>
-66.5433 -26.9605
-66.5434 -26.9929
-66.5554 -27.0231
-66.5722 -27.0469
-66.5986 -27.0707
-66.6250 -27.0902
-66.6490 -27.1053
>>
-66.6945 -27.1075
-66.7353 -27.1335
-66.7569 -27.1529
-66.7785 -27.1702
-66.8001 -27.1919
-66.8217 -27.2048
-66.8385 -27.2113
>>
-67.6955 -27.0287
-67.7052 -27.0546
-67.7172 -27.0762
-67.7245 -27.1043
-67.7317 -27.1302
-67.7461 -27.1562
>>
-68.0311 -27.1305
-68.0480 -27.1651
-68.0600 -27.1932
-68.0744 -27.2213
-68.0937 -27.2537
-68.1081 -27.2818
-68.1321 -27.3078
>>
-67.9931 -27.2385
-68.0051 -27.2687
-68.0171 -27.2904
-68.0364 -27.3163
-68.0484 -27.3379
-68.0652 -27.3660
-68.0820 -27.3941
-68.0965 -27.4265
-68.1085 -27.4481
>>
-67.9442 -26.8454
-67.9443 -26.8778
-67.9468 -26.9102
-67.9540 -26.9361
-67.9613 -26.9620
-67.9781 -26.9879
-67.9877 -27.0095
-67.9950 -27.0312
-68.0022 -27.0571
>>
-68.0018 -26.8778
-68.0042 -26.9059
-67.9971 -26.9318
-67.9996 -26.9620
-68.0044 -26.9901
-68.0117 -27.0117
-68.0189 -27.0312
-68.0213 -27.0485
>>
-66.841 -26.770
-66.827 -26.782
-66.815 -26.799
-66.802 -26.816
-66.792 -26.835
-66.771 -26.856
-66.756 -26.876
-66.747 -26.897
-66.743 -26.916
-66.744 -26.933
-66.747 -26.952
-66.753 -26.970
-66.765 -26.989
-66.776 -27.004
-66.791 -27.019
-66.803 -27.034
-66.820 -27.049
-66.833 -27.054
>>
-67.0397 -27.2267
-67.0422 -27.2699
-67.0447 -27.2915
-67.0495 -27.3174
-67.0664 -27.3412
-67.0880 -27.3628
-67.1000 -27.3779
-67.1096 -27.4017
-67.1145 -27.4298
-67.1217 -27.4557
-67.1362 -27.4838
-67.1577 -27.4925
>>
-66.3819 -26.5629
-66.3939 -26.5867
-66.4059 -26.6061
-66.4179 -26.6299
-66.4324 -26.6601
-66.4420 -26.6861
-66.4589 -26.7098
>>
-66.161 -26.265
-66.157 -26.282
-66.147 -26.307
-66.147 -26.329
-66.142 -26.356
-66.129 -26.380
-66.127 -26.407
-66.122 -26.429
-66.117 -26.451
-66.104 -26.471
-66.084 -26.504
>>
-66.119 -26.737
-66.119 -26.759
-66.124 -26.782
-66.124 -26.806
-66.129 -26.837
-66.142 -26.877
-66.144 -26.895
-66.154 -26.926
-66.161 -26.952
-66.179 -26.970
-66.201 -26.981
-66.231 -26.997
