-67.5505  -25.8448
-67.5582  -25.8867
-67.5675  -25.9184
-67.5729  -25.9475
-67.5837  -25.9815
-67.5945  -26.0082
-67.6079  -26.0349
-67.6241  -26.0568
-67.6403  -26.0956
-67.6538  -26.1272
-67.6619  -26.1539
-67.6726  -26.1758
-67.6861  -26.2049
-67.6969  -26.2365
-67.7050  -26.2729
-67.7077  -26.2972
-67.7131  -26.3190
>>
-67.5405  -25.8237
-67.5432  -25.8504
-67.5405  -25.8771
-67.5432  -25.9038
-67.5513  -25.9305
-67.5567  -25.9548
-67.5675  -25.9888
-67.5756  -26.0252
-67.5945  -26.0616
-67.6052  -26.0908
-67.6160  -26.1248
-67.6268  -26.1588
-67.6376  -26.1855
-67.6565  -26.2195
-67.6646  -26.2413
-67.6780  -26.2777
-67.6807  -26.2996
-67.6861  -26.3287
-67.6942  -26.3579
-67.7050  -26.3894
-67.7131  -26.4186
-67.7266  -26.4526
-67.7427  -26.4914
>>
-66.1420  -25.7533
-66.1225  -25.7970
-66.1064  -25.8378
-66.0870  -25.9019
-66.0773  -25.9427
-66.0643  -25.9718
-66.0611  -26.0068
-66.0384  -26.0476
-66.0223  -26.0796
-66.0061  -26.1117
-65.9899  -26.1524
-65.9834  -26.1816
-65.9770  -26.2224
-65.9770  -26.2544
-65.9802  -26.2981
-65.9964  -26.3389
-66.0028  -26.3768
-66.0093  -26.4234
-66.0255  -26.4817
-66.0417  -26.5400
-66.0740  -26.5953
-66.0837  -26.6274
