


>>
-66.1242 -27.0075
-66.1339 -27.0421
-66.1388 -27.0767
-66.1412 -27.1047
-66.1461 -27.1285
-66.1533 -27.1544
-66.1773 -27.1825
-66.2014 -27.2106
-66.2158 -27.2387
-66.2470 -27.2561
-66.2758 -27.2755
-66.3142 -27.3036
-66.3454 -27.3318
-66.3813 -27.3512
-66.4077 -27.3685
>>
-66.1847 -26.2711
-66.1992 -26.2970
-66.2160 -26.3187
-66.2257 -26.3489
-66.2377 -26.3835
-66.2450 -26.4137
-66.2546 -26.4483
-66.2595 -26.4785
-66.2715 -26.5109
>>
-66.676 -27.185
-66.668 -27.201
-66.653 -27.221
-66.643 -27.236
-66.634 -27.250
-66.619 -27.263
-66.606 -27.276
-66.599 -27.296
-66.586 -27.314
-66.581 -27.329
-66.581 -27.347
-66.581 -27.358
>>
-65.739 -26.125
-65.739 -26.152
-65.747 -26.180
-65.754 -26.214
-65.761 -26.243
-65.764 -26.274
-65.774 -26.307
-65.779 -26.345
-65.786 -26.382
-65.799 -26.407
-65.809 -26.442
-65.821 -26.484
-65.824 -26.515
-65.821 -26.544
-65.814 -26.575
-65.799 -26.604
-65.791 -26.640
-65.776 -26.688
-65.764 -26.713
-65.744 -26.737
-65.717 -26.777
-65.704 -26.824
>>
-65.747 -26.886
-65.752 -26.904
-65.757 -26.928
-65.766 -26.955
-65.769 -26.988
-65.771 -27.021
-65.771 -27.045
-65.771 -27.068
-65.761 -27.105
-65.757 -27.132
-65.739 -27.161
-65.734 -27.174