-67.9207  -26.2826
-67.9180  -26.3117
-67.9207  -26.3554
-67.9287  -26.3943
-67.9314  -26.4259
-67.9368  -26.4550
-67.9395  -26.4914
-67.9449  -26.5254
-67.9449  -26.5691
-67.9449  -26.6152
-67.9449  -26.6444
>>
-67.601 -26.248
-67.603 -26.270
-67.608 -26.286
-67.615 -26.296
-67.623 -26.312
-67.628 -26.329
-67.636 -26.352
-67.643 -26.373
-67.653 -26.394
-67.656 -26.412
-67.656 -26.431
-67.656 -26.448
-67.656 -26.463
-67.656 -26.481
-67.658 -26.494
-67.662 -26.513
-67.668 -26.527
-67.676 -26.539
-67.680 -26.557
-67.685 -26.571
-67.689 -26.583
-67.692 -26.593
-67.700 -26.599
>>
-67.5136  -26.0544
-67.5190  -26.0738
-67.5271  -26.1151
-67.5352  -26.1418
-67.5405  -26.1758
-67.5513  -26.2292
-67.5513  -26.2680
-67.5486  -26.3069
-67.5567  -26.3409
-67.5810  -26.3797
-67.5891  -26.4064
-67.5945  -26.4356
-67.5972  -26.4647
-67.6106  -26.4963
-67.6268  -26.5230
-67.6376  -26.5521
-67.6457  -26.5764
>>
-67.2548  -25.5614
-67.2737  -25.5882
-67.2817  -25.6051
-67.2952  -25.6319
-67.3060  -25.6586
-67.3195  -25.6780
-67.3384  -25.7047
-67.3518  -25.7314
-67.3707  -25.7630
>>
-67.1685  -25.5954
-67.1604  -25.6246
-67.1550  -25.6464
-67.1389  -25.6707
-67.1227  -25.6877
-67.1146  -25.6926
>>
-67.2521  -25.6003
-67.2224  -25.6173
-67.2117  -25.6319
-67.1901  -25.6537
-67.1739  -25.6683
-67.1685  -25.6731
>>
-67.1254  -25.5105
-67.0957  -25.5323
-67.0796  -25.5469
-67.0634  -25.5639
-67.0499  -25.5833
-67.0283  -25.6027
-67.0068  -25.6246
-66.9906  -25.6416
-66.9717  -25.6610
-66.9475  -25.6780
-66.9259  -25.6901
-66.9043  -25.7071
>>
-67.4758  -25.7217
-67.4866  -25.7484
-67.4920  -25.7751
-67.4920  -25.7994
-67.4920  -25.8188
-67.4893  -25.8310
>>
-67.5082  -25.8650
-67.5163  -25.8892
-67.5217  -25.9038
-67.5244  -25.9281
-67.5325  -25.9524
-67.5378  -25.9767
-67.5459  -26.0034
-67.5486  -26.0252
-67.5567  -26.0519
-67.5648  -26.0786
-67.5702  -26.1126
-67.5675  -26.1393
>>
-66.8396  -25.6634
-66.8612  -25.6853
-66.8747  -25.7096
-66.9016  -25.7484
-66.9205  -25.7775
-66.9448  -25.8067
-66.9717  -25.8504
-66.9879  -25.8844
-67.0122  -25.9232
-67.0364  -25.9597
-67.0553  -25.9791
-67.0769  -26.0058
-67.0957  -26.0325
-67.1119  -26.0592
-67.1227  -26.0811
-67.1443  -26.1078
-67.1631  -26.1296
-67.1847  -26.1636
-67.1982  -26.1952
-67.2170  -26.2219
-67.2278  -26.2413
-67.2710  -26.2705
>>
-67.2332  -26.1418
-67.2386  -26.1709
-67.2494  -26.1903
-67.2575  -26.2146
-67.2629  -26.2413
-67.2764  -26.2632
-67.2871  -26.2899
-67.2952  -26.3190
-67.3033  -26.3530
-67.3087  -26.3846
-67.3141  -26.3967
>>

>>
-67.5378  -26.5910
-67.5459  -26.6080
-67.5567  -26.6225
-67.5756  -26.6395
-67.5891  -26.6541
-67.5972  -26.6735
-67.6106  -26.6954
-67.6295  -26.7148
-67.6349  -26.7221
>>

>>
-67.2602  -26.3603
-67.2764  -26.3821
-67.2871  -26.4064
-67.2979  -26.4283
-67.3141  -26.4598
-67.3249  -26.4938
-67.3384  -26.5254
-67.3464  -26.5497
-67.3572  -26.5740
-67.3653  -26.6007
-67.3788  -26.6322
-67.3896  -26.6590
-67.4004  -26.6905
-67.4084  -26.7294
>>

>>
-67.2063  -26.6929
-67.2197  -26.7318
-67.2251  -26.7609
-67.2332  -26.7974
-67.2386  -26.8508
-67.2494  -26.8969
-67.2575  -26.9358
-67.2629  -26.9649
-67.2710  -27.0086
-67.2844  -27.0475
-67.2871  -27.0596
>>

>>
-67.0310  -27.1931
-67.0526  -27.2223
-67.0796  -27.2563
-67.0957  -27.2781
-67.1173  -27.3097
-67.1308  -27.3364
-67.1658  -27.3753
-67.1955  -27.4020
-67.2278  -27.4408
-67.2575  -27.4675
-67.2764  -27.5161
-67.2979  -27.5379
-67.3006  -27.5574
-67.3222  -27.5889
-67.3464  -27.6253
-67.3761  -27.6642
-67.3869  -27.7006
-67.3977  -27.7419
-67.4138  -27.7735
-67.4273  -27.8075
-67.4435  -27.8512
-67.4570  -27.8973
-67.4758  -27.9434
-67.4893  -27.9799
-67.4920  -28.0236
>>

>>
-67.4107  -25.8972
-67.4185  -25.9287
-67.4262  -25.9601
-67.4379  -25.9951
-67.4495  -26.0371
-67.4612  -26.0755
-67.4767  -26.1070
-67.4767  -26.1420
>>
-68.0202  -26.7399
-68.0551  -26.7503
-68.0978  -26.7538
-68.1328  -26.7678
-68.1793  -26.7713
-68.2220  -26.7818
-68.2609  -26.7888
>>
-67.9620  -26.7608
-67.9930  -26.7643
-68.0357  -26.7713
-68.0551  -26.7748
-68.0939  -26.7818
-68.1328  -26.7923
-68.1716  -26.7958
-68.2065  -26.8098
-68.2453  -26.8168
-68.2880  -26.8203
-68.3269  -26.8203
>>
-68.2648  -26.8552
-68.2803  -26.8727
-68.3036  -26.9112
-68.3230  -26.9427
-68.3307  -26.9741
-68.3540  -27.0161
-68.3890  -27.0580
-68.4278  -27.0755
-68.4666  -27.0825
-68.5210  -27.0860
>>
-67.5543  -26.8622
-67.5116  -26.9007
-67.4767  -26.9252
-67.4301  -26.9497
-67.4068  -26.9811
-67.3913  -27.0161
>>
-67.0458  -25.9217
-67.0303  -25.8867
-67.0109  -25.8552
-66.9876  -25.8308
-66.9565  -25.8133
-66.9138  -25.7993
-66.8595  -25.7993
-66.8401  -25.8273
-66.8323  -25.8727
-66.8323  -25.9112
-66.8401  -25.9566
-66.8517  -26.0091
-66.8789  -26.0510
-66.9293  -26.0860
-66.9759  -26.0860
-67.0264  -26.0860
-67.0575  -26.0650
-67.0730  -26.0406
-67.0963  -25.9986
>>
>>
-68.0285  -26.6614
-68.0447  -26.6784
-68.0662  -26.6929
-68.0959  -26.7099
-68.1148  -26.7245
-68.1417  -26.7342
-68.1687  -26.7488
-68.1929  -26.7561
-68.2199  -26.7634
-68.2495  -26.7682
>>
-66.594 -27.218
-66.586 -27.236
-66.581 -27.258
-66.571 -27.283
-66.569 -27.309
-66.561 -27.325
-66.557 -27.349
-66.547 -27.374
-66.534 -27.391
-66.527 -27.411
-66.517 -27.434
-66.514 -27.449
-66.512 -27.469
-66.509 -27.491
-66.507 -27.520
-66.504 -27.549
-66.504 -27.562
