2BBB05 -68.243278 -26.009306 4.339
2BBB06 -68.372254 -25.545861 3.833
2BBB16 -65.865694 -26.629639 2.224
2BBB17 -65.895889 -25.914444 1.623
2BBB18 -66.362944 -26.542889 2.984
2BBB20 -66.786583 -25.438806 4.284
2BBB21 -65.941444 -25.535861 2.507
2BEW01 -67.010778 -26.740556 3.72
2BEW02 -66.837028 -26.750694 3.213
2BEW03 -66.757 -26.858917 3.238
2BEW04 -66.505583 -26.810583 2.671
2BEW05 -66.295167 -26.785944 2.339
2BEW06 -66.127972 -26.849167 2.244
2BEW07 -66.044 -26.894972 2.295
2BEW08 -65.788833 -26.936083 2.491
2BEW22 -65.692889 -26.951917 2.052
2BEW24 -65.397556 -27.040778 0.376
2BNS01 -67.426306 -26.098111 3.347
2BNS02 -67.414333 -26.200694 3.341
2BNS03 -67.386861 -26.315444 3.135
2BNS04 -67.337139 -26.420028 3.076
2BNS19 -67.407083 -26.038944 3.404
2BNS20 -67.370778 -25.931753 3.59
2BNS21 -67.294083 -25.839222 4.095
2BNS22 -67.265917 -25.756694 4.379
2BNS23 -67.226417 -25.662889 4.418
2BNS24 -67.234444 -25.582833 4.317
2BNS25 -67.210333 -25.517667 4.214
2BNS26 -67.206639 -25.41475 4.035
X6BB01 -68.143997 -27.424 3.455
X6BB02 -68.089996 -27.111 3.81
X6BB03 -69.257004 -27.488001 4.48
X6BB04 -69.021004 -26.540001 3.72
X6BB07 -67.618103 -25.516001 3.399
X6BB08 -67.917999 -26.016001 3.347
X6BB09 -68.098801 -26.525101 3.787
X6BB10 -67.690697 -26.379 3.336
X6BB11 -66.943604 -27.112499 2.193
X6BB12 -67.124496 -27.5131 2.152
X6BB13 -66.598 -27.6413 0.937
X6BB14 -65.9785 -27.597099 1.854
X6BB15 -66.369797 -27.3405 2.856
X6BB19 -67.061501 -26.306299 4.419
X6BB22 -69.237 -26.157 3.455
X6BB23 -69.426003 -25.367001 2.81
X6BB24 -68.097702 -27.832701 3.117
X6BB25 -68.542603 -27.619499 4.1
X6EW09 -67.184097 -26.684099 3.898
X6EW10 -67.262001 -26.591999 3.505
X6EW11 -67.676201 -26.666201 3.755
X6EW12 -67.773598 -26.685101 3.735
X6EW13 -67.877296 -26.6523 3.882
X6EW14 -68.002602 -26.709 4.552
X6EW15 -68.162903 -26.7444 4.71
X6EW16 -68.277 -26.851 4.705
X6EW17 -68.427002 -26.885 4.38
X6EW18 -68.552002 -26.906 4.475
X6EW19 -68.666 -26.881001 4.575
X6EW20 -68.766998 -26.91 4.455
X6NS05 -67.403397 -26.512501 3.037
X6NS06 -67.440002 -26.616301 3.111
X6NS07 -67.550499 -26.6677 3.517
X6NS08 -67.648399 -26.7841 4.19
X6NS09 -67.652603 -26.910101 3.44
X6NS10 -67.688004 -27.051001 2.485
X6NS11 -67.702599 -27.112499 2.17
X6NS12 -67.756798 -27.2283 2.017
X6NS13 -67.773598 -27.336 2.022
X6NS14 -67.694199 -27.443701 1.839
X6NS15 -67.603302 -27.479601 1.646
X6NS16 -67.613403 -27.5686 1.608
X6NS17 -67.624702 -27.707899 1.496
X6NS18 -67.628998 -27.900801 1.376
2BGALA -66.948139 -25.844667 4.630
