X6 EW13 12.82 P -67.877296 -26.6523 3.882 0.6354078471312634 185.17565019004576 5.2041021282786915 12.0844910517 84.6818685918
X6 BB02 21.52 P -68.089996 -27.111 3.81 1.1192339018537987 192.719493088043 12.843303231265281 21.1474236077 84.5172073296
X6 EW14 14.24 P -68.002602 -26.709 4.552 0.7100872047756197 193.78757700513543 13.871703938003918 13.4834983722 84.6763862617
X6 EW15 15.58 P -68.162903 -26.7444 4.71 0.7897141530363951 203.29730692991603 23.452718429577146 14.9751666722 84.6620376711
X6 EW16 18.56 P -68.277 -26.851 4.705 0.9294605162786279 206.43928980026567 26.64578994405133 17.592941399 84.6168095091
X6 BB09 12.36 P -68.098801 -26.525101 3.787 0.5667787168450114 206.80302583434224 26.929461426235775 10.7978869667 85.8728772512
X6 EW18 22.06 P -68.552002 -26.906 4.475 1.1060543864598986 216.56292692282807 36.89217881342893 20.9005894302 84.5254687291
X6 EW19 22.86 P -68.666 -26.881001 4.575 1.1511718975241743 221.36187778844567 41.74176527763649 21.7455639897 84.4963889391
X6 EW20 23.96 P -68.766998 -26.91 4.455 1.2337261109419257 223.5857113982662 44.01080591838161 23.2915528284 84.4374676752
X6 BB04 23.48 P -69.021004 -26.540001 3.72 1.2015804538649837 244.0640009981378 64.59879923795629 22.6895807213 84.4612726666
X6 BB22 25.58 P -69.237 -26.157 3.455 1.2861379020220436 263.5499543018117 84.17612014677914 24.2729835172 84.3963618194
X6 BB08 2.48 P -67.917999 -26.016001 3.347 0.09427657135483031 272.10215753720627 92.14814381210755 1.99934181074 114.136063378
2B BB05 8.41 P -68.243278 -26.009306 4.339 0.3866715396308655 271.41591366709787 91.6045615526646 7.41212319551 90.5446596059
2B BB06 13.76 P -68.372254 -25.545861 3.833 0.6912117458277469 313.13129298517595 133.3744782364163 13.1298959563 84.6785202604
2B NS26 15.5 P -67.206639 -25.41475 4.035 0.8150565407857028 42.232796466039915 221.96960283989006 15.4499022541 84.6556981946
2B NS25 14.39 P -67.210333 -25.517667 4.214 0.739291238256959 47.38172571711412 227.11964852882596 14.0305876945 84.6721182598
2B NS24 13.28 P -67.234444 -25.582833 4.317 0.6798097865056167 50.16041456145335 229.90852389610356 12.9162973843 84.6795686675
2B NS23 12.44 P -67.226417 -25.662889 4.418 0.6372049591672213 56.09705779517125 235.84130491248172 12.1181574056 84.681825675
2B BB20 20.96 P -66.786583 -25.438806 4.284 1.0919900349037894 58.09854992530377 237.65287819751757 20.6371798209 84.534070044
2B NS22 11.07 P -67.265917 -25.756694 4.379 0.5580790580302075 62.02657458892231 241.7876367463004 10.6346133967 86.0656592101
2B BB21 34.26 P -65.941444 -25.535861 2.507 1.7534554601262577 74.39780438132836 253.5837646627005 33.0199791807 83.9170519072
2B GALAN 15.85 P -66.948139 -25.844667 4.63 0.797328999026121 77.52327500374724 257.14498907278863 15.1178150896 84.6602214149
2B NS20 8.03 P -67.370778 -25.931753 3.59 0.40725973637320556 77.65503579582968 257.46127531298714 7.79947623643 89.9312174138
2B BB17 34.08 P -65.895889 -25.914444 1.623 1.7269011693053624 86.93248945605036 266.09294171799957 32.5231700831 83.9494203961
2B NS01 7.15 P -67.426306 -26.098111 3.347 0.3563109767104235 102.83113962808125 282.66119535215654 6.84100097083 91.5286826423
2B BB16 36.17 P -65.865694 -26.629639 2.224 1.8490453293118032 109.69709501779315 288.83340002609674 34.8081314444 83.7961203668
X6 BB19 14.56 P -67.061501 -26.306299 4.419 0.7330789878787046 113.19634576590332 292.8649145275348 13.9142117832 84.6731236127
2B NS02 8.21 P -67.414333 -26.200694 3.341 0.4013586269226236 116.92497020381037 296.74944536876956 7.6884491935 90.0
2B EW06 32.57 P -66.127972 -26.849167 2.244 1.7220104074360654 119.17586868048144 298.42560611292936 32.4316646577 83.9553213617
2B NS03 9.61 P -67.386861 -26.315444 3.135 0.483708816867386 127.81563229996537 307.6276333415484 9.23742343139 87.7769020369
2B NS04 11.37 P -67.337139 -26.420028 3.076 0.5854828550100946 133.2699798230345 313.05966287379795 11.1487200557 85.4532997309
2B EW01 19.66 P -67.010778 -26.740556 3.72 1.0181498621560434 135.26630317840187 314.90977341034113 19.2541775784 84.5755214883
X6 BB15 35.92 P -66.369797 -27.3405 2.856 1.8461303742541582 136.00914713392126 315.36099511770567 34.75360892 83.7999062446
X6 EW10 14.46 P -67.262001 -26.591999 3.505 0.7562237716072119 139.32670888661482 319.0824507523859 14.3477887668 84.6691128789
X6 EW09 17.04 P -67.184097 -26.684099 3.898 0.8714603996830719 139.8354938837522 319.5562561915714 16.5064882571 84.6385984575
X6 NS05 11.91 P -67.403397 -26.512501 3.037 0.6148790792569792 143.39170256440087 323.2103627830609 11.6998628511 84.8370510032
X6 BB11 26.46 P -66.943604 -27.112499 2.193 1.3414601123409555 144.75889726894806 324.36998214684706 25.3088369167 84.3499782583
X6 BB13 38.04 P -66.598 -27.6413 0.937 1.9508727252939582 146.50548649662366 325.95695010393104 36.712502718 83.6602437095
X6 NS06 13.16 P -67.440002 -26.616301 3.111 0.6841428665570941 150.8138334320458 330.6483893306784 12.9974711716 84.6791917274
X6 NS07 13.42 P -67.550499 -26.6677 3.517 0.6896177884700874 160.10034899190768 339.9837889640936 13.1000355842 84.6786777755
X6 BB10 7.26 P -67.690697 -26.379 3.336 0.37592141291580417 163.0308999072527 342.9768316100873 7.20987865038 90.8664448653
X6 NS08 14.88 P -67.648399 -26.7841 4.19 0.778714755682464 169.11202336865637 349.03875719404977 14.7691149348 84.6645259603
X6 EW11 13.58 P -67.676201 -26.666201 3.755 0.6582481943443985 169.28387083014044 349.22309411438414 12.5123724579 84.6810491505
X6 NS09 17.86 P -67.652603 -26.910101 3.44 0.9021277105287588 170.86776350670195 350.7962080804343 17.0809505189 84.6276012596
X6 NS10 19.68 P -67.688004 -27.051001 2.485 1.0375636101402708 173.83240111412215 353.7764842601636 19.6177997564 84.5652342988
X6 EW12 13.1 P -67.773598 -26.685101 3.735 0.6665475292625802 176.95977953997942 356.94221676260815 12.6678484915 84.6805576052
X6 NS12 23.84 P -67.756798 -27.2283 2.017 1.2098526876134104 177.62561589174152 357.6003555240834 22.8444920677 84.4552505739
