X6 NS18 20.35 P -67.628998 -27.900801 1.376 1.0577504561099131 239.5321969396187 60.01070024921181 19.9814619294 90.6433759837
X6 NS17 19.05 P -67.624702 -27.707899 1.496 0.972169533940647 249.3148548023662 69.78982952527436 18.382122472 91.1494099747
X6 BB24 27.07 P -68.097702 -27.832701 3.117 1.4083410230478546 250.39834986305652 71.0934837371841 26.5339190098 89.0563922623
X6 NS16 18.23 P -67.613403 -27.5686 1.608 0.9234575650321959 257.23634944700217 77.70500301638876 17.4719188843 91.4678198169
X6 NS15 17.85 P -67.603302 -27.479601 1.646 0.8997781078701724 262.66039698368536 83.12369726282002 17.0295041632 91.6317804717
X6 NS14 19.47 P -67.694199 -27.443701 1.839 0.9766207644257466 265.31737954551346 85.8222419478044 18.4653010312 91.1214981241
X6 NS12 20.49 P -67.756798 -27.2283 2.017 1.0397395177307842 277.46994056157456 98.00168356854951 19.644855014 90.7448423154
X6 BB02 25.23 P -68.089996 -27.111 3.81 1.3517666431592659 280.6288030886465 101.31201778334072 25.476629907 89.2741508626
X6 EW19 37.47 P -68.666 -26.881001 4.575 1.9044500188420517 284.35069743592476 105.29392068097687 35.8015506169 87.4018322715
X6 EW18 35.47 P -68.552002 -26.906 4.475 1.7997883541942046 284.4352815614179 105.32689551881329 33.8471394877 87.7244013798
X6 NS10 19.61 P -67.688004 -27.051001 2.485 1.0204848820083139 287.86293030179877 108.36162181327714 19.2850137769 90.8561311984
X6 EW16 29.93 P -68.277 -26.851 4.705 1.5820084979075306 288.700326738378 109.46576431242616 29.7790474986 88.4348374442
X6 BB04 44.03 P -69.021004 -26.540001 3.72 2.3136020501724115 290.4241660290013 111.52289074741853 43.1949245531 49.0433372357
X6 EW15 29.63 P -68.162903 -26.7444 4.71 1.527374555663242 293.74983098283155 114.46197300017795 28.7582495871 88.6239149053
X6 NS09 20.31 P -67.652603 -26.910101 3.44 1.044831633173222 295.7666865234511 116.24803756808627 19.7400209151 90.7159041768
X6 BB09 30.89 P -68.098801 -26.525101 3.787 1.5818156909822192 301.86807969060425 122.54850743777848 29.7754451868 88.4354957486
X6 EW13 26.39 P -67.877296 -26.6523 3.882 1.3464137908487024 301.8316970896922 122.412994663555 25.3765903337 89.2952431365
X6 NS08 21.71 P -67.648399 -26.7841 4.19 1.1031656939724903 301.73343511675864 122.21184202013981 20.8302570483 90.397760268
X6 EW12 24.47 P -67.773598 -26.685101 3.735 1.250785912795386 302.8369015172906 123.3713984021999 23.5893335407 89.6896464701
X6 EW11 23.39 P -67.676201 -26.666201 3.755 1.1901788609023443 305.9018695392155 126.39194649365915 22.456564052 89.9686114523
X6 NS07 21.45 P -67.550499 -26.6677 3.517 1.1007772298791478 309.3079156723181 129.74089786770816 20.7856166672 90.4103431522
2B BB05 38.87 P -68.243278 -26.009306 4.339 2.002249288882258 312.3695338315446 133.10886457593202 37.5973899413 79.1695017755
X6 BB11 8.59 P -66.943604 -27.112499 2.193 0.4002015000681409 309.6438991431903 129.80236784924074 7.72426355312 98.9464836812
X6 NS06 20.57 P -67.440002 -26.616301 3.111 1.062617047379899 314.8515194566206 135.23396712770116 20.0724150397 90.6163760527
X6 BB10 26.91 P -67.690697 -26.379 3.336 1.3891229288960092 315.1608286265969 135.65505750376042 26.1747687181 89.1293552073
2B BB06 46.84 P -68.372254 -25.545861 3.833 2.4177607155973617 318.5154691317014 139.30636697363832 44.6650791405 49.0378456333
X6 BB08 34.67 P -67.917999 -26.016001 3.347 1.7945953738014084 318.59616259831205 139.18943483862128 33.7501559143 87.7406803299
X6 NS05 21.6 P -67.403397 -26.512501 3.037 1.117404878594814 319.7983975137663 140.16358180355326 21.0963887685 90.3234319993
X6 EW10 18.97 P -67.262001 -26.591999 3.505 0.9763999738455409 322.50578968048796 142.80731825476101 18.461175177 91.1228781609
X6 EW09 17.23 P -67.184097 -26.684099 3.898 0.8609383835745598 322.48997407520255 142.75657618386523 16.3039219952 91.9149707942
2B NS04 22.23 P -67.337139 -26.420028 3.076 1.1551517646720584 325.0036248646134 145.33825800012846 21.8018905264 90.130738605
2B NS03 24.25 P -67.386861 -26.315444 3.135 1.266720861801054 326.0357674357066 146.3922536402287 23.8871601232 89.6212651638
2B NS02 26.71 P -67.414333 -26.200694 3.341 1.376602463850167 327.8252740573769 148.19343911320817 25.9407808093 89.1774332338
2B NS01 28.44 P -67.426306 -26.098111 3.347 1.4701339718610464 329.5767560141309 149.9496579660126 27.6886608494 88.8280186826
2B EW01 13.03 P -67.010778 -26.740556 3.72 0.727696700658472 329.5141797754363 149.7022044212749 13.8157929286 93.0422857686
2B NS20 30.24 P -67.370778 -25.931753 3.59 1.5941431738629444 334.1296224210579 154.4765461199658 30.0057636632 88.3935268218
2B NS21 31.2 P -67.294083 -25.839222 4.095 1.6510456593923672 337.67732253350965 157.98934199180235 31.0688294665 88.2028255271
X6 BB19 21.87 P -67.061501 -26.306299 4.419 1.1398444781456114 338.5912896665174 158.8008235871426 21.515791089 90.208374585
2B NS24 35.65 P -67.234444 -25.582833 4.317 1.8742661799771005 342.14446823149467 162.42851112860774 35.2379574105 87.4938327339
2B NS25 36.73 P -67.210333 -25.517667 4.214 1.9302437882297692 343.34447329667006 163.61745593777204 36.2755421773 79.1702784352
2B NS26 38.68 P -67.206639 -25.41475 4.035 2.028297215984689 344.2551044498386 164.52595581167824 38.0755663228 79.1691897499
2B GALAN 30.01 P -66.948139 -25.844667 4.63 1.5555290932461356 348.29034494912565 168.44744297076969 29.2843086649 88.5258273515
2B BB20 36.61 P -66.786583 -25.438806 4.284 1.9368794326037655 354.93863758696796 175.0227792199948 36.3973567866 79.1702121509
2B BB18 17.01 P -66.362944 -26.542889 2.984 0.8514158084036766 14.261742029665605 194.15546218004124 16.1260434105 91.9872628461
2B BB21 36.97 P -65.941444 -25.535861 2.507 1.9241960273483345 17.917515022674937 197.62528203014833 36.1645196836 79.17033791
2B EW05 12.75 P -66.295167 -26.785944 2.339 0.6414883240843922 24.87179818417968 204.7342248080836 12.2073020152 93.9695067821
2B EW06 13.37 P -66.127972 -26.849167 2.244 0.6663766064429381 38.94025871172888 218.72634830683685 12.6714464813 93.6587339223
2B BB16 19.7 P -65.865694 -26.629639 2.224 0.9851891704025552 41.60049878332059 221.2683144953976 18.6254180357 91.0682963888
2B EW08 16.52 P -65.788833 -26.936083 2.491 0.8392793289594095 59.19180510315886 238.82280560830736 15.8993485235 92.0811068697
2B EW22 17.87 P -65.692889 -26.951917 2.052 0.9060850861310875 62.85250076702147 242.43960347178586 17.1473371795 91.5874897569
X6 BB13 5.53 P -66.598 -27.6413 0.937 0.2730405255763545 180.1122804332422 0.11255937489170265 5.39649639603 104.770644064
