2B EW05 8.39 P -66.295167 -26.785944 2.339 0.4220427328615026 191.89839840667574 11.942012339682577 8.13540794059 98.7306729127
2B BB18 4.94 P -66.362944 -26.542889 2.984 0.22527462616354632 221.01357773915927 41.087203927117116 4.556898661 109.077001078
2B EW03 13.59 P -66.757 -26.858917 3.238 0.6972426472940751 225.69562471715227 45.946202645471516 13.2503474003 93.6035009827
X6 NS16 33.53 P -67.613403 -27.5686 1.608 1.7381911633006153 226.22258279459317 46.86471966385014 32.6948975671 88.0212735194
X6 NS15 32.77 P -67.603302 -27.479601 1.646 1.6718359446896838 228.23907699114542 48.87565370811859 31.4556141884 88.241040039
X6 BB24 42.33 P -68.097702 -27.832701 3.117 2.2340815572354664 228.77537326457107 49.64112996777749 41.8437181873 79.2310404098
2B EW02 13.23 P -66.837028 -26.750694 3.213 0.6853219466285582 236.41386628557098 56.69975754613519 13.0280492263 93.7420784958
X6 BB01 38.29 P -68.143997 -27.424 3.455 2.02907709072722 238.3672801148197 59.24791457316353 38.0803593218 79.2341620862
X6 BB25 46.87 P -68.542603 -27.619499 4.1 2.4328818981811797 238.65219511928288 59.716806205928435 44.8451786725 49.051131874
X6 NS10 28.67 P -67.688004 -27.051001 2.485 1.4939483540941336 242.6771409340405 63.34708671368466 28.1326124754 88.8646135644
2B EW01 15.8 P -67.010778 -26.740556 3.72 0.8148945448632176 243.00803110609445 63.37155552251838 15.4459490493 92.5094907732
X6 BB02 34.89 P -68.089996 -27.111 3.81 1.8439902247718036 245.98491700083832 66.83648310481078 34.6705157562 87.6820192408
X6 NS09 27.27 P -67.652603 -26.910101 3.44 1.4069763828179669 247.2336888633074 67.88611647722527 26.5076535941 89.1934653069
X6 EW09 18.31 P -67.184097 -26.684099 3.898 0.935769248683498 250.36267639249047 70.80325786311602 17.7032389042 91.5993587151
X6 NS08 26.33 P -67.648399 -26.7841 4.19 1.360960129871711 252.0948549785146 72.74396804366245 25.6478417749 89.3759670612
X6 EW16 36.83 P -68.277 -26.851 4.705 1.9194657898631975 255.11610756868157 76.0476154045742 36.0681612598 79.2354114615
X6 EW18 43.39 P -68.552002 -26.906 4.475 2.1707958975219195 255.26115013590828 76.3168945501995 40.6819592281 79.2321127038
X6 NS07 24.01 P -67.550499 -26.6677 3.517 1.2458075696313489 256.01556322865895 76.61963675594355 23.4961055677 89.871675013
X6 EW20 46.41 P -68.766998 -26.91 4.455 2.3584169144912472 256.26497949580244 77.41723981269385 43.7941654012 49.0552151914
X6 EW19 45.15 P -68.666 -26.881001 4.575 2.2642025240058024 256.48373563411053 77.59013011889438 42.3966587534 79.2304961125
X6 EW10 18.91 P -67.262001 -26.591999 3.505 0.9774753242010259 256.8164706781212 77.29108344641041 18.4823174876 91.322831343
X6 EW12 27.71 P -67.773598 -26.685101 3.735 1.4440918174665582 257.1676002676818 77.87151877694842 27.2011267212 89.0507803773
X6 EW11 26.19 P -67.676201 -26.666201 3.755 1.3550331130936453 257.17431058818227 77.83450174744624 25.5370933263 89.3999757736
X6 EW14 31.79 P -68.002602 -26.709 4.552 1.6492693352436558 257.8429115102231 78.64947049608314 31.0341146314 88.3171842269
X6 EW13 29.41 P -67.877296 -26.6523 3.882 1.5286866630855969 259.0986006699661 79.84841295458327 28.781605179 88.7382135059
X6 NS05 20.87 P -67.403397 -26.512501 3.037 1.0885341425663748 262.36896140057286 82.9058817672817 20.5572797076 90.661487171
2B NS04 19.49 P -67.337139 -26.420028 3.076 1.021725406908889 267.10876980434614 87.61535893996636 19.3090099967 91.0472583502
X6 BB10 25.79 P -67.690697 -26.379 3.336 1.3375851592912527 269.411433337963 90.07474536292538 25.2110692267 89.471385348
2B NS03 20.41 P -67.386861 -26.315444 3.135 1.0672154079352794 272.8276423602948 93.35536639950202 20.1589419573 90.7809701426
X6 BB19 15.13 P -67.061501 -26.306299 4.419 0.7769940234877484 274.73302381214 95.1162939590276 14.738447112 92.8331600657
2B NS02 21.8 P -67.414333 -26.200694 3.341 1.1043454253845797 278.7065935531469 99.24541819129068 20.8527179818 90.5748634469
2B BB05 36.62 P -68.243278 -26.009306 4.339 1.8712181908333703 280.7547358672242 101.65767200686605 35.178879286 87.5966499728
X6 BB08 30.91 P -67.917999 -26.016001 3.347 1.5843613161692542 282.64136190456054 103.40078855862625 29.8216718035 88.5406482271
2B NS01 22.19 P -67.426306 -26.098111 3.347 1.1358073505265665 283.73377193366144 104.27691408210357 21.4406061536 90.4070662691
2B NS19 22.05 P -67.407083 -26.038944 3.404 1.1353317869013708 286.8441022764326 107.37818639264535 21.4317198034 90.4095612016
2B NS20 21.92 P -67.370778 -25.931753 3.59 1.1416972479943817 292.4765156146434 112.99358285997798 21.5506646224 90.3762617457
2B BB06 40.89 P -68.372254 -25.545861 3.833 2.1228752697185986 292.45244113613967 113.40443899390698 39.8022593623 79.232860226
2B NS21 21.51 P -67.294083 -25.839222 4.095 1.1199180295521407 298.22287908334437 118.70534612312895 21.1437010708 90.4910901209
2B NS22 21.96 P -67.265917 -25.756694 4.379 1.1404447427030986 302.47570878926194 122.9450914959518 21.5272603056 90.3827978995
X6 BB07 30.13 P -67.618103 -25.516001 3.399 1.5381066942285875 303.54804775892427 124.16952073393209 28.9575880937 88.7043681404
2B NS23 22.35 P -67.226417 -25.662889 4.418 1.1657107491775718 307.3023941911669 127.75366513905499 21.9993842014 90.2522510662
2B NS24 23.39 P -67.234444 -25.582833 4.317 1.2218691705036415 310.06388341545244 130.5180267797088 23.0487823524 90.0
2B NS25 23.92 P -67.210333 -25.517667 4.214 1.249287656247246 312.98566235040107 133.42872760197275 23.5611358251 89.8551809105
2B NS26 25.52 P -67.206639 -25.41475 4.035 1.3198646878436964 316.3319777068556 136.77261473401353 24.8799490948 89.5451097434
2B BB20 20.05 P -66.786583 -25.438806 4.284 1.0739218206580132 330.3164705540924 150.57376372718653 20.2842492037 90.743038304
2B BB21 16.75 P -65.941444 -25.535861 2.507 0.8682681512351128 15.444607280813916 195.33245517873934 16.4425357356 92.0860538109
2B BB17 11.01 P -65.895889 -25.914444 1.623 0.5326125456373696 30.6422152138441 210.50923171426493 10.1847028684 96.0609456894
2B BB16 8.49 P -65.865694 -26.629639 2.224 0.39260528759153607 130.89332020171491 310.745175422815 7.59244146347 99.6866907181
2B EW22 14.44 P -65.692889 -26.951917 2.052 0.7339304518674099 142.1850640776548 321.95853752035316 13.9348015332 93.2362996231
2B EW08 13.11 P -65.788833 -26.936083 2.491 0.6712542637057501 147.11007916153818 326.9266576115862 12.7657604387 93.9118480792
X6 BB14 23.67 P -65.9785 -27.597099 1.854 1.239582203940548 170.98333650209312 350.8838701524198 23.3797757889 89.8963651109
2B EW06 9.44 P -66.127972 -26.849167 2.244 0.48022781667987674 172.55735202672403 352.5261214826237 9.2125252289 97.2180170622
