X6 NS10 24.54 P -67.688004 -27.051001 2.485 1.3215028219314533 181.16190584535508 1.1752795069812692 24.9222733772 92.6570203262
X6 BB24 40.46 P -68.097702 -27.832701 3.117 2.1392564136905836 190.47672420464107 10.674918521367943 39.9677791666 79.8819507119
X6 BB01 32.82 P -68.143997 -27.424 3.455 1.7491026203174866 194.28275695515825 14.50025270901267 32.8055661803 79.8886173037
X6 BB02 26.6 P -68.089996 -27.111 3.81 1.434400489450348 195.55444342823 15.746712897864427 27.0256273298 92.2041165451
X6 EW14 20.52 P -68.002602 -26.709 4.552 1.0268874762735614 197.4491151286789 17.601405697558164 19.4386916671 94.3778841048
X6 BB25 40.18 P -68.542603 -27.619499 4.1 2.048388896515026 202.50371914202336 22.900935314786096 38.2997009089 79.8838531061
X6 EW16 23.48 P -68.277 -26.851 4.705 1.2510822941061632 206.20041477855068 26.474634322760323 23.6107215146 92.9887710914
X6 EW17 26.38 P -68.427002 -26.885 4.38 1.3453003582263359 210.65875645333588 30.99962573421726 25.3655707217 92.5533048956
X6 EW18 28.0 P -68.552002 -26.906 4.475 1.4232803725231447 214.07096743343962 34.467387844181644 26.8184362468 92.2484922146
X6 EW19 28.8 P -68.666 -26.881001 4.575 1.4635332144492053 217.90897174646815 38.35574061331425 27.5631796718 79.8909834512
X6 EW20 29.96 P -68.766998 -26.91 4.455 1.5430855353901947 219.86290486926106 40.35468975358626 29.023577974 79.8905413617
X6 BB04 27.8 P -69.021004 -26.540001 3.72 1.4676211412847564 236.19266910671857 56.793127092035945 27.6382246882 79.8909648697
2B BB05 12.54 P -68.243278 -26.009306 4.339 0.596281177586843 241.9165484968346 62.17195737308303 11.4657681037 99.8597407305
X6 BB22 28.08 P -69.237 -26.157 3.455 1.4828177322882337 252.9104269561618 73.60128839807543 27.9171994104 79.8908918519
X6 BB23 30.8 P -69.426003 -25.367001 2.81 1.6359180227656196 282.42967701358236 103.1922577486004 30.7277665215 79.8898126378
2B BB06 13.63 P -68.372254 -25.545861 3.833 0.6697520257471293 285.7832352244405 106.09231841442659 12.8183559353 98.4405434329
2B NS26 10.17 P -67.206639 -25.41475 4.035 0.5147296309704522 52.362199973081665 232.1674042453564 9.97202602733 101.852466153
2B NS25 9.38 P -67.210333 -25.517667 4.214 0.45591062376376007 62.371457451380216 242.17789412969663 8.90222792583 103.691768164
2B BB20 16.46 P -66.786583 -25.438806 4.284 0.8380324708338341 69.87228355382075 249.49600048526148 15.93167524 96.1238272558
2B NS24 8.48 P -67.234444 -25.582833 4.317 0.40902723039168815 69.03809843623301 248.85474533001326 8.05610249274 105.493673456
2B BB21 30.71 P -65.941444 -25.535861 2.507 1.5596365888628974 83.22973152694789 262.48713486251825 29.3274171007 79.8904281594
2B BB17 31.54 P -65.895889 -25.914444 1.623 1.5967933768719027 97.02438444501362 276.25683253722565 30.0095295113 79.8901475526
2B NS22 7.66 P -67.265917 -25.756694 4.379 0.3541193671688405 94.44508082225848 274.27481900184375 7.0757857745 108.12688589
2B GALAN 13.14 P -66.948139 -25.844667 4.63 0.6493407596840036 100.34578735449001 280.03700864800743 12.442034184 98.8018243452
2B NS21 7.5 P -67.294083 -25.839222 4.095 0.345409144935972 108.5526634698259 288.39439929502385 6.92166511557 108.612069954
2B BB16 35.86 P -65.865694 -26.629639 2.224 1.842952559922622 119.619729812601 298.8289457485599 34.5284208886 79.8873726392
2B EW22 41.25 P -65.692889 -26.951917 2.052 2.1434774496097058 125.1937279383727 304.3217063605882 40.0452655591 79.881857213
2B BB18 27.63 P -66.362944 -26.542889 2.984 1.4186807922458362 125.25350312081866 304.683022111332 26.7327305237 92.265117849
2B EW08 39.58 P -65.788833 -26.936083 2.491 2.0642252814725848 126.17040220934028 305.34119664720623 38.5904141779 79.8835367553
2B NS20 7.09 P -67.370778 -25.931753 3.59 0.3280127784621609 128.07024928429564 307.9451378358484 6.61513250736 109.639281428
2B EW06 33.94 P -66.127972 -26.849167 2.244 1.770446067432364 129.5533433072449 308.87565569511656 33.1973801034 79.8883543657
2B EW05 31.12 P -66.295167 -26.785944 2.339 1.6152447925661861 131.13344320719472 310.5304977540012 30.3482544524 79.8899946365
X6 BB19 15.68 P -67.061501 -26.306299 4.419 0.7871755852817115 137.21802707527888 316.9564011212128 14.9890283414 96.7062818301
X6 BB14 45.82 P -65.9785 -27.597099 1.854 2.395621023702976 141.58377704938755 320.82999708182354 43.8269616816 49.1897296584
2B NS01 8.84 P -67.426306 -26.098111 3.347 0.4231682897513167 150.55900259903612 330.45778273360594 8.3105673897 104.912890312
2B EW01 22.71 P -67.010778 -26.740556 3.72 1.1655982248907288 150.27440519366263 329.9883192064855 22.0192291244 93.4551526737
2B NS02 10.81 P -67.414333 -26.200694 3.341 0.519351535767453 155.11287781679772 335.0062290164302 10.0563813162 101.722661398
X6 EW09 20.2 P -67.184097 -26.684099 3.898 1.044726309904837 156.09317623998118 335.88392181461256 19.7703837422 94.2440562326
2B NS03 12.65 P -67.386861 -26.315444 3.135 0.6343024651062654 157.4771632982348 337.35824187480455 12.1650273937 99.0832912746
2B NS04 14.7 P -67.337139 -26.420028 3.076 0.7479767371791591 157.41341218196413 337.2724122871974 14.2634640704 97.2268660751
X6 EW10 17.98 P -67.262001 -26.591999 3.505 0.9325821955617289 157.68842050341289 337.51385788128437 17.6862822665 95.1674078742
X6 NS05 15.72 P -67.403397 -26.512501 3.037 0.8154051971433458 163.78017332135138 343.6681124881075 15.5122465192 96.3855183368
X6 NS16 35.76 P -67.613403 -27.5686 1.608 1.8392573053090278 178.77043286316078 358.75046413322394 34.460585208 79.8874259724
X6 NS09 22.4 P -67.652603 -26.910101 3.44 1.1803376135419927 179.76991995528243 359.76756324902806 22.2935817385 93.3691475025
