X6 BB24 31.71 P -68.097702 -27.832701 3.117 1.68212497807183 186.2691529044837 6.363440427467054 31.6966301568 82.7224984267
X6 BB01 24.53 P -68.143997 -27.424 3.455 1.283397272494551 190.1178255267056 10.232317310684692 24.2323802095 83.0318343657
X6 BB02 18.31 P -68.089996 -27.111 3.81 0.9668824026192888 190.6094602269471 10.6991186912623 18.3043310035 83.178984607
X6 EW20 20.97 P -68.766998 -26.91 4.455 1.0848516488878903 226.12644699301256 46.518254121192626 20.5139999199 83.1351011691
X6 BB04 21.27 P -69.021004 -26.540001 3.72 1.082092232283343 249.23509729002748 69.737113340726 20.4623160131 83.1362805429
X6 BB23 31.01 P -69.426003 -25.367001 2.81 1.5948472770356763 299.51313200736547 120.18081860013338 30.0632468984 82.8019709367
2B NS26 18.42 P -67.206639 -25.41475 4.035 0.9670453153858092 39.66454204856447 219.36723776522516 18.3073826369 83.1789333776
2B NS25 16.92 P -67.210333 -25.517667 4.214 0.887583309343861 43.71564239056931 223.41939729474146 16.8188884722 83.2007626708
2B NS24 15.84 P -67.234444 -25.582833 4.317 0.8258106682072027 45.727919031459244 225.4418484751818 15.6617128916 83.2132765334
2B NS23 14.92 P -67.226417 -25.662889 4.418 0.7772820317291762 50.31196875348927 230.02197928104312 14.7526162598 83.2203005819
2B NS22 13.43 P -67.265917 -25.756694 4.379 0.6914884824151817 54.37794445735658 234.1047580376107 13.1454041945 83.2264742594
2B NS21 12.16 P -67.294083 -25.839222 4.095 0.6247318512146055 59.15211056436331 238.890868206294 11.894006096 84.1340240978
2B NS20 10.07 P -67.370778 -25.931753 3.59 0.5196922842317824 63.96521375208748 243.73721672076937 9.91935687841 86.2888521895
2B GALAN 17.77 P -66.948139 -25.844667 4.63 0.903627310446219 69.72994164298747 249.31700102108277 17.1194324243 83.1968694106
2B NS19 8.75 P -67.407083 -26.038944 3.404 0.45047651869690275 74.41401705090098 254.20155623887328 8.61535470546 87.9224843253
2B BB21 36.2 P -65.941444 -25.535861 2.507 1.8616127045970645 70.81249674952403 249.96285979639072 35.0548349606 82.5450176272
2B NS01 8.23 P -67.426306 -26.098111 3.347 0.42100945747899315 81.54094482247768 261.33672614096315 8.05970532375 88.6761991525
2B BB17 35.42 P -65.895889 -25.914444 1.623 1.8085698115420448 82.61012354943793 261.7347064281453 34.0625645889 82.6004143788
2B NS02 8.55 P -67.414333 -26.200694 3.341 0.42874146418241743 95.44595954675766 275.2360856639606 8.20552521651 88.4730033226
2B BB16 36.68 P -65.865694 -26.629639 2.224 1.87289108681912 104.94577132299221 284.04575586615863 35.2658026536 82.532989474
2B BB18 27.29 P -66.362944 -26.542889 2.984 1.4207213256353581 105.93973446178207 285.26185901400095 26.8036640583 82.94017797
2B NS03 9.29 P -67.386861 -26.315444 3.135 0.47707524707632537 109.02708272135006 288.80463566068846 9.11670225434 87.2820482911
2B EW22 40.46 P -65.692889 -26.951917 2.052 2.1185288151310964 112.41568974546384 291.4332838102756 39.8590631974 82.2511854207
2B EW06 32.47 P -66.127972 -26.849167 2.244 1.7205281816570075 113.97542444398653 293.18900393696384 32.4153035347 82.6878629551
2B EW05 29.68 P -66.295167 -26.785944 2.339 1.5584757836582288 114.00286436625629 293.29186290055725 29.382464569 82.8327812652
2B EW07 34.33 P -66.044 -26.894972 2.295 1.807457665309724 114.37612707433811 293.55156144630496 34.0417583954 82.60155484
2B EW04 26.47 P -66.505583 -26.810583 2.671 1.3991558927541268 117.97990553343546 297.3624506009356 26.3999019085 82.9556157208
2B NS04 10.77 P -67.337139 -26.420028 3.076 0.559384730959537 117.73169529458157 297.48681270630584 10.6662700897 85.4486664979
2B EW03 23.16 P -66.757 -26.858917 3.238 1.230985985738062 124.80195746652416 304.2962117410662 23.2508969159 83.0625483375
2B EW01 18.93 P -67.010778 -26.740556 3.72 0.9776511197172693 126.566839450378 306.17519225192734 18.5060466908 83.175541718
X6 BB14 42.79 P -65.9785 -27.597099 1.854 2.2292835937875366 130.53999682503695 309.6756560032235 41.9243935832 76.6773984258
X6 BB15 34.05 P -66.369797 -27.3405 2.856 1.798454278614841 131.3314702207614 310.6471389708621 33.8733197371 82.6107551281
X6 BB11 24.45 P -66.943604 -27.112499 2.193 1.2733366592113953 138.5777101742794 318.15338260339695 24.043984423 83.037917014
X6 NS16 27.51 P -67.613403 -27.5686 1.608 1.4292752074402564 170.12054050727625 349.9955340476107 26.9638117636 82.9339493296
X6 NS10 16.95 P -67.688004 -27.051001 2.485 0.9083539183973428 168.57582053973343 348.485346896018 17.2079730431 83.1956724403
X6 NS17 31.45 P -67.624702 -27.707899 1.496 1.5650890604112915 171.36735452224067 351.2471647923502 29.5062516996 82.827253572
X6 NS18 33.11 P -67.628998 -27.900801 1.376 1.755478975087111 172.44813303640544 352.3294949845183 33.0692738775 82.6538660093
X6 NS14 24.75 P -67.694199 -27.443701 1.839 1.2947659816125343 172.28600628426057 352.1977048031964 24.4452685863 83.0248549598
X6 NS12 20.79 P -67.756798 -27.2283 2.017 1.0741288691101119 173.66815752511363 353.60830931397186 20.3131614162 83.1396436035
X6 NS13 22.77 P -67.773598 -27.336 2.022 1.1798038754756963 174.9708893020184 354.91849033850207 22.2923734855 83.0901834406
