2B EW07 7.85 P -66.044 -26.894972 2.295 0.34036078654837265 210.35597749030165 30.442782429930958 7.22414028034 115.996339525
X6 BB15 17.5 P -66.369797 -27.3405 2.856 0.8717431925673099 211.90590261572532 32.14114389640878 16.6428578381 96.7420981524
X6 BB13 24.14 P -66.598 -27.6413 0.937 1.2341990540356764 212.41891037847589 32.75940833674605 23.2735817454 92.6950536206
2B EW06 7.68 P -66.127972 -26.849167 2.244 0.35003890754531697 224.8804097434385 45.004909283343835 7.38426693897 115.274521322
X6 NS18 38.22 P -67.628998 -27.900801 1.376 2.0460450703147903 230.171363349599 50.98553665483735 38.1676088125 90.4138935791
X6 NS17 36.86 P -67.624702 -27.707899 1.496 1.927304113138572 234.5610665551386 55.37060232570741 35.9886265987 90.5790354357
X6 NS16 35.58 P -67.613403 -27.5686 1.608 1.8431242759940891 237.94982332535966 58.752285405530586 34.4439090737 90.7158395783
X6 BB24 42.36 P -68.097702 -27.832701 3.117 2.3467082824371013 237.84371516563044 58.871376194972754 42.4685277468 50.2701576679
X6 BB11 21.96 P -66.943604 -27.112499 2.193 1.100507178335989 242.0816821390975 62.575239511980925 20.8239469558 93.7305653648
X6 NS14 35.58 P -67.694199 -27.443701 1.839 1.8452700007723928 242.42497646412573 63.26243807953546 34.483282984 90.712122248
2B EW05 9.26 P -66.295167 -26.785944 2.339 0.4375320528261947 244.95372163269712 65.15319269965192 8.86803982287 109.861531601
X6 BB01 41.5 P -68.143997 -27.424 3.455 2.2020804652803005 247.54766187356648 68.5891912907118 40.4272100713 50.2783582636
X6 NS12 35.6 P -67.756798 -27.2283 2.017 1.8111677129425368 249.32012200177758 70.1828285403593 33.8575106229 90.7711722474
2B EW04 13.09 P -66.505583 -26.810583 2.671 0.6209315121734648 250.16632401118522 70.4604459288888 12.1031810998 102.537559655
2B EW03 16.89 P -66.757 -26.858917 3.238 0.8490531832929318 252.14111441029598 72.54857230883036 16.2295371103 97.1471285777
X6 NS10 32.66 P -67.688004 -27.051001 2.485 1.6997067621556468 254.24887103952972 75.07788846557926 31.8122890895 90.9888863336
X6 BB02 39.8 P -68.089996 -27.111 3.81 2.0613337377957084 255.1834186471394 76.1949447787866 38.4404591198 50.2850166142
2B EW02 17.53 P -66.837028 -26.750694 3.213 0.8935147383488026 260.16076358585497 80.6033867118448 17.0397499752 96.3705720082
2B EW01 20.44 P -67.010778 -26.740556 3.72 1.0455563837655597 262.09189095936125 82.61243216853201 19.8179697318 94.2877949233
2B NS04 26.0 P -67.337139 -26.420028 3.076 1.3420599263304602 277.43499914886786 98.0983319895412 25.2512461473 92.1063166402
2B NS03 27.15 P -67.386861 -26.315444 3.135 1.4042875378295445 281.4065949831486 102.09087183478655 26.3925321787 91.8391133278
2B BB05 43.28 P -68.243278 -26.009306 4.339 2.2246236654566327 284.90304357139667 105.96327333532858 40.7454066363 50.2771705007
2B NS02 28.52 P -67.414333 -26.200694 3.341 1.456363456659859 285.62193218901814 106.3170512684359 27.3477682852 91.6517992704
2B NS01 29.12 P -67.426306 -26.098111 3.347 1.4985444260529952 289.27350759810565 109.97269043608338 28.1215516494 91.5111145194
2B NS19 29.35 P -67.407083 -26.038944 3.404 1.5037789063874156 291.6179131272459 112.30784410994164 28.2175790366 91.49488073
2B NS20 29.24 P -67.370778 -25.931753 3.59 1.5183617559956741 295.83185816288557 116.50441836718878 28.4851071183 91.4504862681
2B NS21 28.89 P -67.294083 -25.839222 4.095 1.502173915487195 300.16912509961435 120.80669704360969 28.1881351507 91.4998414102
2B NS22 29.35 P -67.265917 -25.756694 4.379 1.5249581370967733 303.32236069393736 123.94657526936068 28.6061218884 91.4308012446
2B NS23 29.82 P -67.226417 -25.662889 4.418 1.550881739391364 306.93440289481794 127.54018167661016 29.081715799 91.3557680309
2B GALAN 23.8 P -66.948139 -25.844667 4.63 1.2414036624033866 307.315411760992 127.80016539434172 23.4056534957 92.6503124975
2B NS24 30.8 P -67.234444 -25.582833 4.317 1.6064879436241748 309.0417863295993 129.65023688819446 30.1019107658 91.2066854327
2B NS25 31.3 P -67.210333 -25.517667 4.214 1.6325724861627748 311.2907990403904 131.88795235887497 30.5804968678 91.14193763
2B NS26 33.07 P -67.206639 -25.41475 4.035 1.7006319698236838 313.9484787549058 134.54292035841473 31.829265387 90.9869032457
2B BB21 20.34 P -65.941444 -25.535861 2.507 1.0686266297032418 355.6262669914549 175.6659565327753 20.2402195197 94.0404109955
2B BB17 13.78 P -65.895889 -25.914444 1.623 0.6881316640073968 356.64605374663523 176.66585561194034 13.3113069561 100.642560917
2B BB16 3.55 P -65.865694 -26.629639 2.224 0.031092289111136446 204.75224052387472 24.758764767017198 3.45613500359 170.105276606
2B EW22 8.62 P -65.692889 -26.951917 2.052 0.3779120078078351 158.08379351595946 338.0125029245905 7.85046083774 113.348372638
2B EW08 7.82 P -65.788833 -26.936083 2.491 0.33926948400441487 170.57804743759516 350.5499888857159 7.20614597808 116.079583699
