X6 NS13 12.37 P -67.773598 -27.336 2.022 0.62042929909496 191.4426957019267 11.505668628198123 11.801313093 92.6847635409
X6 NS12 10.05 P -67.756798 -27.2283 2.017 0.5119605751392896 192.20866464561712 12.263899852094227 9.77576214727 94.2327517772
X6 BB24 21.65 P -68.097702 -27.832701 3.117 1.178773423662679 200.31051596842656 20.522584420616283 22.2447147219 89.2849914673
X6 EW14 7.45 P -68.002602 -26.709 4.552 0.32886175889742314 273.22423308311784 93.38949115940268 6.37216673635 99.1902774485
X6 EW13 5.51 P -67.877296 -26.6523 3.882 0.22928772086281776 289.2156739093999 109.32448612263204 4.54914001454 104.920713474
X6 EW12 3.63 P -67.773598 -26.685101 3.735 0.13098841687029802 289.07220826144885 109.13447825210322 2.82526401397 117.079924509
2B BB05 18.31 P -68.243278 -26.009306 4.339 0.9019109768495032 322.69198954751 142.96214176963917 17.0652637363 90.5475808546
2B BB06 26.67 P -68.372254 -25.545861 3.833 1.354758108012084 330.5936774287253 150.91845323645336 25.5365018072 88.6609077535
X6 EW11 2.73 P -67.676201 -26.666201 3.755 0.07188554285775071 329.22532581930193 149.2438174728469 1.91647896745 133.879980992
X6 BB10 7.39 P -67.690697 -26.379 3.336 0.3525032352021421 351.8684649685459 171.89334470877944 6.80934816251 98.2635575159
2B NS26 25.31 P -67.206639 -25.41475 4.035 1.3684354830959973 16.426684267356116 196.23839226464614 25.7923073942 88.6153155027
2B NS20 15.13 P -67.370778 -25.931753 3.59 0.8306966453658208 16.624749039320594 196.5075348210375 15.7331018773 90.9716985873
2B NS19 13.35 P -67.407083 -26.038944 3.404 0.718651260637152 16.5596339910151 196.4583324203837 13.6375378194 91.7684163564
2B NS01 12.41 P -67.426306 -26.098111 3.347 0.6570164434862626 16.57774758542335 196.4848921803203 12.4851369314 92.2921967998
2B NS24 22.02 P -67.234444 -25.582833 4.317 1.200261298879312 17.521128634072067 197.34453271337844 22.6466768795 89.2043193286
2B NS25 23.63 P -67.210333 -25.517667 4.214 1.2689497213199752 17.581779445019517 197.39477031832234 23.9315393284 88.9555806154
2B NS22 18.78 P -67.265917 -25.756694 4.379 1.0261512654960745 18.90464500868895 198.74142318627446 19.3895325488 89.9121494712
2B NS21 17.23 P -67.294083 -25.839222 4.095 0.9398549394410366 19.057730944369542 198.90674445424358 17.7751002296 90.341710786
2B NS02 13.71 P -67.414333 -26.200694 3.341 0.5630789238798575 20.591292797499843 200.49293476572382 10.7299128175 93.4102874055
2B NS03 9.27 P -67.386861 -26.315444 3.135 0.46849718831521836 28.34918712719247 208.23836431218223 8.96517074505 95.0261565292
2B BB20 28.22 P -66.786583 -25.438806 4.284 1.4975367969672204 30.77561618841345 210.40253766011136 28.2065971565 88.1969269112
2B GALAN 20.7 P -66.948139 -25.844667 4.63 1.0768047429791172 35.03834407325073 214.73413223006958 20.3371564762 89.6920361616
2B NS04 8.27 P -67.337139 -26.420028 3.076 0.4072024230431957 40.933125438752846 220.7998568356693 7.82427709144 96.5207954303
X6 NS05 6.29 P -67.403397 -26.512501 3.037 0.29885270454435153 43.91593388743943 223.81213929144292 5.81909480061 100.567659305
X6 NS07 2.85 P -67.550499 -26.6677 3.517 0.09662925164972802 51.43039486204597 231.3924109291596 2.27414603555 125.280845019
X6 BB19 13.11 P -67.061501 -26.306299 4.419 0.6642162924929426 50.72035648670958 230.46428681390853 12.6197721244 92.2491071979
2B BB21 37.46 P -65.941444 -25.535861 2.507 1.9320492834424192 52.27790226718216 231.53189095280976 36.3279446165 86.9298838073
2B BB17 34.59 P -65.895889 -25.914444 1.623 1.7583243897098695 62.82852002608598 242.0573074001749 33.0818440697 87.4210738177
X6 EW10 7.51 P -67.262001 -26.591999 3.505 0.36004294846320134 67.89545381216435 247.72807160681506 6.94897883991 97.9900538766
2B BB18 22.69 P -66.362944 -26.542889 2.984 1.152057870988832 81.04080684255237 260.47049069202455 21.7449513676 89.3874881691
X6 EW09 8.55 P -67.184097 -26.684099 3.898 0.40522162070006235 83.8861014506106 263.6834400160773 7.78746432008 96.577020136
2B BB16 31.3 P -65.865694 -26.629639 2.224 1.5840208457726137 86.83851660106306 266.04404902774127 29.8236153557 87.9293107902
2B EW01 11.71 P -67.010778 -26.740556 3.72 0.5576732441463944 91.43360573603547 271.15277638767196 10.6289674569 93.4876739919
2B EW05 23.33 P -66.295167 -26.785944 2.339 1.1978051092963022 93.07569282427875 272.4724499039831 22.6007306391 89.2134655462
2B EW06 26.23 P -66.127972 -26.849167 2.244 1.3507647059228862 95.4870770487302 274.8078098474231 25.461812997 88.67428505
2B EW08 32.23 P -65.788833 -26.936083 2.491 1.660511388173345 97.61585869720729 276.7824647392467 31.2536078741 87.7058986119
2B EW22 34.18 P -65.692889 -26.951917 2.052 1.7473190940447194 97.8013223891182 276.92437237931046 32.8761625468 87.4528532636
X6 BB15 24.87 P -66.369797 -27.3405 2.856 1.2826868591145588 118.81079921200111 298.23568974460136 24.188490362 88.9073132977
X6 BB11 14.69 P -66.943604 -27.112499 2.193 0.7265991659295055 122.108648623809 301.7955955441522 13.7861628724 91.7057276641
X6 BB14 32.87 P -65.9785 -27.597099 1.854 1.710997987234759 120.90400034349304 300.1476985574259 32.1973090739 87.5582673322
X6 BB13 25.35 P -66.598 -27.6413 0.937 1.2981220760120766 134.94996221114383 314.4761545452352 24.4771988225 88.8536061039
X6 NS08 2.15 P -67.648399 -26.7841 4.19 0.057383163906301896 191.99317188372095 11.999185105640663 1.7317317889 140.444393474
X6 NS16 16.35 P -67.613403 -27.5686 1.608 0.840850486148759 178.6927695908019 358.6828955584623 15.9230347626 90.9078167259
X6 NS17 18.63 P -67.624702 -27.707899 1.496 0.9799721378386665 179.46474358129035 359.4600141373468 18.5256094152 90.1355197784
X6 NS18 21.97 P -67.628998 -27.900801 1.376 1.172843293364838 179.73904067334752 359.73626710178644 22.1337816746 89.3075247768
