X6 NS18 13.51 P -67.628998 -27.900801 1.376 0.7021196900488961 192.43296071158568 12.512094652022995 13.4364259803 98.6999405433
X6 NS16 8.21 P -67.613403 -27.5686 1.608 0.3793477370077464 201.30005305309697 21.371571113963626 7.56729996018 108.01211572
X6 NS15 6.53 P -67.603302 -27.479601 1.646 0.2941910179540519 205.99649498283728 26.063265411799733 6.08033747659 113.295189021
X6 NS14 6.87 P -67.694199 -27.443701 1.839 0.3102203764158219 222.5192057476686 42.62766727490913 6.35606165976 112.120087947
X6 BB24 16.23 P -68.097702 -27.832701 3.117 0.8385174493680223 222.43070582743013 42.72635225946229 15.9564921824 96.8027073403
X6 NS13 6.95 P -67.773598 -27.336 2.022 0.3054292948947635 246.64044399050286 66.78509454509579 6.27339329143 112.460134994
X6 BB25 20.63 P -68.542603 -27.619499 4.1 1.0442307356802605 246.97532690343726 67.47478853849036 19.7726969963 94.8890987444
X6 BB01 13.15 P -68.143997 -27.424 3.455 0.6442749677031193 250.9374576674827 71.25232281444336 12.3719509596 99.7443986295
X6 NS12 6.15 P -67.756798 -27.2283 2.017 0.2660640424294428 267.12048079419264 87.25718256291253 5.60289233569 115.626653636
X6 BB02 11.59 P -68.089996 -27.111 3.81 0.5719146215926411 280.358444877809 100.64699009675441 11.0452574925 101.298518121
X6 EW16 16.71 P -68.277 -26.851 4.705 0.8154327404052438 296.34526420637064 116.71753162191294 15.5292453962 97.0815900087
X6 NS10 5.63 P -67.688004 -27.051001 2.485 0.2624750796093273 308.6864707486377 128.7913870032992 5.54264214789 115.952165688
2B NS19 22.52 P -67.407083 -26.038944 3.404 1.1771856927686293 2.2254213946630292 182.20262028153405 22.2441446633 93.9736389553
2B NS04 15.39 P -67.337139 -26.420028 3.076 0.8024991248357269 7.748791761468522 187.69428401451074 15.2899873499 97.2446054638
X6 EW10 12.77 P -67.262001 -26.591999 3.505 0.6472855395313345 15.70671043726805 195.6180416100086 12.4272924921 99.6875398146
2B EW01 12.59 P -67.010778 -26.740556 3.72 0.6197971248269941 40.115782267391836 219.91291927449674 11.9223360736 100.224441192
2B EW03 14.06 P -66.757 -26.858917 3.238 0.7188760836237851 60.445029658773755 240.1263938852207 13.7453763706 98.4314132771
2B EW05 21.5 P -66.295167 -26.785944 2.339 1.121463186644434 67.75702898424518 247.22910538527577 21.2079822483 94.3316772064
2B EW06 23.86 P -66.127972 -26.849167 2.244 1.2399483666113837 73.13111339075544 252.52662305400975 23.4117360369 93.6103506623
2B EW08 29.04 P -65.788833 -26.936083 2.491 1.5121755287287038 79.74212809362045 258.98235431805745 28.4311186 79.9335228948
X6 BB11 9.73 P -66.943604 -27.112499 2.193 0.46901381768308403 77.46244679845591 257.22762516288697 9.17382798438 104.274482238
2B EW22 30.65 P -65.692889 -26.951917 2.052 1.593409831903382 80.89007529160249 260.08640618575174 29.9223912321 79.9328687271
X6 BB15 18.85 P -66.369797 -27.3405 2.856 0.9752215880734741 97.62806843698506 277.1293465381214 18.4912331846 95.4529676576
X6 BB13 16.91 P -66.598 -27.6413 0.937 0.8741372406116288 119.36682585363639 298.9706894209778 16.6162718871 96.4072761292
