X6 EW12 14.98 P -67.773598 -26.685101 3.735 0.7746086964733426 177.11443725461905 357.0951014673218 14.6973927716 83.8548014376
X6 EW13 14.54 P -67.877296 -26.6523 3.882 0.7427733880327976 184.14407113014184 4.170663752879676 14.1010118653 83.8590834326
X6 BB24 36.64 P -68.097702 -27.832701 3.117 1.9374376018542414 187.3561499784878 7.482936895115671 36.4672865849 83.0064636258
X6 BB01 29.22 P -68.143997 -27.424 3.455 1.5404440255295304 190.85376649073942 11.000433330411852 29.0394865709 83.4300253715
X6 EW14 15.7 P -68.002602 -26.709 4.552 0.8146440137064074 191.72800271973753 11.810163028313696 15.447378909 83.8477299272
X6 EW17 22.26 P -68.427002 -26.885 4.38 1.1162607467222414 209.1589656098492 29.430082310186236 21.0970551394 83.7373202942
X6 EW18 23.7 P -68.552002 -26.906 4.475 1.1925283947147935 213.33036669199242 33.657184021382704 22.5254199225 83.6943782607
X6 EW19 24.02 P -68.666 -26.881001 4.575 1.2320519540432255 217.91466081440666 38.292018533595694 23.2655818751 83.6698894812
X6 BB08 2.86 P -67.917999 -26.016001 3.347 0.13831445289738423 220.89406727819647 40.9381798243744 2.76582128722 104.708877839
X6 BB04 24.34 P -69.021004 -26.540001 3.72 1.2494324594742203 239.53373658427003 60.06571437607431 23.5910573535 83.6586479124
2B BB05 8.4 P -68.243278 -26.009306 4.339 0.39534340129247875 255.58056456164536 75.76706334724227 7.57526663324 89.8160953261
X6 BB23 30.88 P -69.426003 -25.367001 2.81 1.5491756697439678 290.2272801832093 110.9234422716626 29.2029243262 83.4220534906
2B BB06 12.5 P -68.372254 -25.545861 3.833 0.619407810429542 306.0555887206508 126.29652856596041 11.7895744429 84.4746930499
X6 BB07 8.21 P -67.618103 -25.516001 3.399 0.4342748997953554 24.44559294443834 204.35919175884766 8.30871430423 88.6847723437
2B NS26 13.92 P -67.206639 -25.41475 4.035 0.7413796864331151 48.06500384516937 227.80056090506648 14.0749031048 83.8592434038
2B NS25 12.98 P -67.210333 -25.517667 4.214 0.6738549188151908 54.37009317444922 234.10675979099767 12.8099275974 83.8641728158
2B NS24 11.98 P -67.234444 -25.582833 4.317 0.619326625816294 58.077286211183825 237.82411648768993 11.7880518963 84.4763439395
2B BB20 19.95 P -66.786583 -25.438806 4.284 1.04223567718804 63.25437638923195 242.80781197645982 19.7105864192 83.773398934
2B NS22 10.22 P -67.265917 -25.756694 4.379 0.5198040606741635 72.79599171682912 252.55574181519685 9.9186992783 86.5830752356
2B BB21 33.61 P -65.941444 -25.535861 2.507 1.731123490945303 77.87660999267952 257.06239238770684 32.6079620719 83.242074018
2B NS21 9.26 P -67.294083 -25.839222 4.095 0.47622184011948465 81.3868019665249 261.1584872001533 9.09862991369 87.6198520991
2B GALAN 15.23 P -66.948139 -25.844667 4.63 0.7847995605363557 85.30597412625293 264.9266425131289 14.8883003303 83.8531784436
2B BB17 33.75 P -65.895889 -25.914444 1.623 1.728163398045055 90.51807780222164 269.67837358624985 32.5525767788 83.2452279932
2B NS20 7.67 P -67.370778 -25.931753 3.59 0.40205595277274436 92.98769477496347 272.7925270612145 7.7017387562 89.5733938036
2B NS19 7.47 P -67.407083 -26.038944 3.404 0.3901337050825866 109.15931107843105 288.97966885488313 7.47710819313 90.0
2B BB16 36.64 P -65.865694 -26.629639 2.224 1.8915730204321803 112.7421682226711 291.8783093625153 35.6095089133 83.0614054828
2B BB18 27.93 P -66.362944 -26.542889 2.984 1.4493250101094317 116.1468155835072 295.5040788125366 27.3337857299 83.5094936043
2B NS01 7.64 P -67.426306 -26.098111 3.347 0.3978450414964458 118.0616094997223 297.8902051382561 7.62240076648 89.717754937
X6 BB19 15.5 P -67.061501 -26.306299 4.419 0.7851151632311689 120.35642774744439 300.02383739799893 14.894212571 83.8531262416
2B NS02 11.39 P -67.414333 -26.200694 3.341 0.4633105809101983 128.7140768080991 308.5370984432554 8.85554534968 87.937223907
2B NS03 10.79 P -67.386861 -26.315444 3.135 0.559040909100314 136.3639741158937 316.1745408338037 10.6563382684 85.722291717
2B NS04 12.64 P -67.337139 -26.420028 3.076 0.666553546596251 139.8303767235484 319.6186637498511 12.6731467282 83.8643423851
X6 EW09 18.34 P -67.184097 -26.684099 3.898 0.9587054697651229 143.83637209166136 323.55585789225916 18.1459852815 83.8072434768
X6 EW10 15.94 P -67.262001 -26.591999 3.505 0.8432524581291898 143.92750251303386 323.6819055833785 15.9832972556 83.8415439983
X6 NS07 15.02 P -67.550499 -26.6677 3.517 0.7931323927672903 162.50957803918064 342.39143348959243 15.0444005375 83.8517612031
X6 BB10 8.94 P -67.690697 -26.379 3.336 0.48112133613501906 166.37108018625236 346.31531876995086 9.19086050848 87.5014519475
X6 NS08 16.62 P -67.648399 -26.7841 4.19 0.8856383039209488 170.2007921569029 350.1258551310507 16.7772931313 83.8306719504
X6 EW11 14.82 P -67.676201 -26.666201 3.755 0.7652397750536544 170.5197222521867 350.4572551810304 14.5218823253 83.8561860013
X6 NS09 18.74 P -67.652603 -26.910101 3.44 1.0094471162971648 171.6370603996015 351.56382640388506 19.0964371649 83.787566098
