X6 NS18 23.23 P -67.628998 -27.900801 1.376 1.2388932287743297 180.30909733947357 0.31256366408663894 23.3795088688 86.5810920689
X6 NS15 15.53 P -67.603302 -27.479601 1.646 0.8178344172681499 178.87279476651236 358.86454194348545 15.4937106508 87.0200965461
X6 NS16 17.47 P -67.613403 -27.5686 1.608 0.9067021916608458 179.54999621313684 359.54633480144133 17.1583277475 86.9528568691
X6 NS17 21.57 P -67.624702 -27.707899 1.496 1.0459770344765549 180.15839675908853 0.1598889381087929 19.7668979411 86.8179491512
X6 NS14 15.11 P -67.694199 -27.443701 1.839 0.7844560610056236 184.7219413916004 4.755035622416386 14.8684629985 87.0411680699
X6 NS13 13.59 P -67.773598 -27.336 2.022 0.6875732185194458 191.3378739777971 11.40695285377052 13.0535823852 87.088386473
X6 NS11 9.59 P -67.702599 -27.112499 2.17 0.45635092890404605 189.10882870914816 9.145533800897027 8.72087058505 89.2462923622
X6 NS10 7.37 P -67.688004 -27.051001 2.485 0.3935813404610655 188.6635692955324 8.693642027662662 7.54355370349 91.2401587469
X6 NS09 5.05 P -67.652603 -26.910101 3.44 0.24972971075785635 186.38964550587653 6.403691248021147 4.85329654916 97.5093029276
X6 BB24 23.23 P -68.097702 -27.832701 3.117 1.2449844238708243 199.7742669295407 19.992329228007918 23.4935600754 86.5728038366
X6 BB01 17.37 P -68.143997 -27.424 3.455 0.8929576107279086 211.29554886956782 31.533142225008078 16.9008795224 86.9642738329
X6 NS08 2.77 P -67.648399 -26.7841 4.19 0.12452502488654957 191.1451945391866 11.157319208435865 2.56729860639 110.328659145
X6 NS07 1.81 P -67.550499 -26.6677 3.517 0.06365506153319118 95.22023450689278 275.1884000870585 1.56056798242 127.880921419
X6 BB02 12.09 P -68.089996 -27.111 3.81 0.6134452291185652 222.83570599701164 43.047602639108476 11.6649201671 87.1095854379
X6 EW16 12.33 P -68.277 -26.851 4.705 0.6151483849305697 251.952255029322 72.24739236482985 11.696826175 87.1092511412
X6 EW17 15.77 P -68.427002 -26.885 4.38 0.7530038951200584 252.58664364316456 72.94952764590693 14.2792866469 87.0588186858
X6 EW18 18.03 P -68.552002 -26.906 4.475 0.8658378838794037 253.41749173581735 73.83683883988346 16.3928951856 86.9857284323
X6 EW20 21.47 P -68.766998 -26.91 4.455 1.052293248574818 256.10676851196854 76.62304108183653 19.8851902167 86.8110546157
X6 EW19 19.49 P -68.666 -26.881001 4.575 0.9579797149803989 256.5455237315681 77.01604099967471 18.1187762636 86.9071495177
X6 EW15 11.09 P -68.162903 -26.7444 4.71 0.490697814740294 260.20251009549236 80.44582971784945 9.36497056266 88.3246007866
X6 EW14 7.39 P -68.002602 -26.709 4.552 0.343804054788833 262.0447249736504 82.21590421506755 6.61049679919 92.970990623
X6 EW12 3.31 P -67.773598 -26.685101 3.735 0.13792963392237637 260.2931089961936 80.36141545923073 2.80474406466 108.107974887
X6 EW11 1.85 P -67.676201 -26.666201 3.755 0.04912726413043302 264.9955832683574 85.02015953342494 1.35669956301 135.510353235
X6 EW13 5.17 P -67.877296 -26.6523 3.882 0.22886647428877124 272.35314022592854 92.4679320104328 4.46590301987 98.8519153669
X6 BB09 10.43 P -68.098801 -26.525101 3.787 0.44825438988372085 287.66561509670396 107.87931243041066 8.56901153036 89.4824420262
2B BB05 17.45 P -68.243278 -26.009306 4.339 0.8581907967358582 319.3661304515806 139.64200385706718 16.2496544842 86.9915160611
2B BB06 25.23 P -68.372254 -25.545861 3.833 1.303903751872612 328.69719708894974 149.02757663607198 24.5967111963 86.4903734031
X6 BB08 13.89 P -67.917999 -26.016001 3.347 0.698465661102267 337.5686247927079 157.70020640917357 13.2576312721 87.0841525557
X6 BB10 5.99 P -67.690697 -26.379 3.336 0.2896338402448358 347.62940664809673 167.66033298753672 5.59709277586 95.3299890108
X6 BB07 22.31 P -67.618103 -25.516001 3.399 1.1459289094899021 0.15040424718601833 180.14893843321414 21.638734901 86.7017272487
2B NS01 10.99 P -67.426306 -26.098111 3.347 0.5902928295960919 17.269448540860328 197.182746720284 11.2311946529 87.1133954838
2B NS02 9.66 P -67.414333 -26.200694 3.341 0.4971196068803989 21.950464434311446 201.85827696999695 9.48537050987 88.161973976
2B NS24 20.99 P -67.234444 -25.582833 4.317 1.1336516129885008 17.93382770749011 197.76343096035595 21.4088249114 86.7167922216
2B NS25 22.0 P -67.210333 -25.517667 4.214 1.2023476028088618 17.973903562720217 197.79309935903677 22.6952105918 86.6298543381
2B NS21 15.89 P -67.294083 -25.839222 4.095 0.8735192265042618 19.712197663787343 199.5674061445175 16.536776767 86.9797979884
2B NS22 17.39 P -67.265917 -25.756694 4.379 0.9597818145702779 19.48913673281891 199.33211587761545 18.1525295515 86.9054561929
2B NS03 7.89 P -67.386861 -26.315444 3.135 0.4051277423001577 31.266049131130856 211.16142314349574 7.76009555379 90.8617540367
2B BB20 27.02 P -66.786583 -25.438806 4.284 1.434762103535266 31.701632269050545 211.3349712148363 27.0464241667 86.2939637542
2B GALAN 19.54 P -66.948139 -25.844667 4.63 1.0161343657059383 36.60888721146094 216.31105048935234 19.2079835907 86.8496553278
2B NS04 7.01 P -67.337139 -26.420028 3.076 0.35100061975103175 46.49944464478914 226.3724095238103 6.74535976605 92.7527931616
X6 NS05 5.05 P -67.403397 -26.512501 3.037 0.24565396912396964 52.584022012738835 232.48643640292931 4.77753638266 97.7638346695
X6 BB19 12.01 P -67.061501 -26.306299 4.419 0.6145278420311127 54.766079112130015 234.51637350565238 11.6852012582 87.1093737924
X6 NS06 3.63 P -67.440002 -26.616301 3.111 0.16847016623239314 74.32765407840847 254.2463045664303 3.3552817144 104.12868246
X6 EW10 6.67 P -67.262001 -26.591999 3.505 0.3288354285777175 77.80287054391668 257.6417785805467 6.33019024371 93.5748607613
2B BB18 22.24 P -66.362944 -26.542889 2.984 1.1315361190582423 84.2433925860892 263.67982565485573 21.369208909 86.7193665983
2B BB16 30.74 P -65.865694 -26.629639 2.224 1.5695951948698006 89.21515506715399 268.4277021839107 29.5699222005 86.0724122264
2B EW02 13.78 P -66.837028 -26.750694 3.213 0.7063277917001198 97.39589940083908 277.0433683102907 13.4049126139 87.0809232438
2B EW06 25.95 P -66.127972 -26.849167 2.244 1.3466389544228938 98.3281660382205 277.6557998703141 25.3967851088 86.428152673
2B EW01 11.29 P -67.010778 -26.740556 3.72 0.551175305886304 98.33883911330737 278.0644449184799 10.4983838924 87.1166243117
2B EW07 27.79 P -66.044 -26.894972 2.295 1.4274063436188595 99.75118940836803 279.0404513419334 26.9087358149 86.3054498351
2B EW08 31.93 P -65.788833 -26.936083 2.491 1.6585685176962817 99.9267621366544 279.1004525335692 31.2348080338 85.9221341692
2B EW03 15.43 P -66.757 -26.858917 3.238 0.7965916138461899 104.51165273626366 284.122424580551 15.0957891097 87.0337816702
X6 BB15 25.05 P -66.369797 -27.3405 2.856 1.3054164550526421 121.6024012220135 301.03411749250716 24.6250324001 86.488204859
X6 BB11 14.91 P -66.943604 -27.112499 2.193 0.7539903109061583 126.84982621073394 306.54328119299765 14.2977647788 87.058298309
X6 BB13 25.87 P -66.598 -27.6413 0.937 1.3373205008054336 137.31469443850233 316.8476259673116 25.2223326898 86.4418865777
X6 BB12 19.85 P -67.124496 -27.5131 2.152 0.9592894703014909 152.64782540650396 332.42153597121103 18.1433079589 86.9059193933
