2B EW01 15.89 P -67.010778 -26.740556 3.72 0.818694730421505 187.62432280040417 7.67827946259672 15.5102928106 86.7737148722
X6 BB19 8.01 P -67.061501 -26.306299 4.419 0.40766284149837806 202.27129806545716 22.34716947438838 7.80753515234 90.7116044768
X6 EW09 15.37 P -67.184097 -26.684099 3.898 0.7999081711702809 199.23614285501208 19.366858126639386 15.1583804894 86.7846539592
X6 NS16 33.61 P -67.613403 -27.5686 1.608 1.7623923924687528 201.36668206808966 21.6926904406763 33.1777598804 85.5675660402
X6 NS15 32.27 P -67.603302 -27.479601 1.646 1.6765642777566743 202.20648909196623 22.527451670204158 31.5721295756 85.7156393772
X6 EW10 14.07 P -67.262001 -26.591999 3.505 0.7424070963237004 206.68593588394344 26.850907721602738 14.0812409819 86.8136829427
X6 BB24 40.55 P -68.097702 -27.832701 3.117 2.1875361564273006 209.2512685247858 29.797791176171586 41.1144253957 78.0847634076
X6 NS10 24.57 P -67.688004 -27.051001 2.485 1.3303076872660358 212.3329769718808 32.68932084731489 25.0915903226 86.2488528306
X6 NS09 22.41 P -67.652603 -26.910101 3.44 1.1957051528285634 214.70708894608197 35.04679680893301 22.5713513923 86.4234075989
2B NS04 12.04 P -67.337139 -26.420028 3.076 0.6345090634879176 219.2202038607881 39.41781707623085 12.0599726733 86.8490546457
X6 NS07 17.93 P -67.550499 -26.6677 3.517 0.9470867749175507 218.61096102918506 38.90397723442169 17.9152319263 86.680952078
X6 NS08 20.57 P -67.648399 -26.7841 4.19 1.0925937299754311 218.34295479059017 38.68004112667256 20.6404357559 86.5414490603
X6 BB01 35.13 P -68.143997 -27.424 3.455 1.868607582395589 216.59338522958672 37.156818470007124 35.1643260483 85.3778345079
X6 EW11 19.37 P -67.676201 -26.666201 3.755 1.0203391977693628 223.5771102078707 43.925811939532565 19.2872271808 86.6149596575
X6 BB25 42.55 P -68.542603 -27.619499 4.1 2.244121240584109 220.76121167911788 41.50617641588343 42.153187695 78.0840984897
2B NS03 11.48 P -67.386861 -26.315444 3.135 0.5906905660516012 229.0491650821954 49.268303041677456 11.2390991467 86.8558800905
X6 EW12 20.79 P -67.773598 -26.685101 3.735 1.0954665693874017 226.16937582449165 46.56136175505776 20.6942371481 86.538363144
2B GALAN 2.43 P -66.948139 -25.844667 4.63 0.09976772855985679 327.85208392048537 147.8778374315698 2.13567053619 115.37128399
X6 EW13 21.93 P -67.877296 -26.6523 3.882 1.1435879731550158 230.55857326407886 50.996265430764055 21.5954092808 86.4849069322
X6 EW14 24.25 P -68.002602 -26.709 4.552 1.266567849574517 231.7505115566413 52.244205381699786 23.8982135863 86.3341900272
2B NS02 12.98 P -67.414333 -26.200694 3.341 0.544334949227059 239.9606221210179 60.191382979935156 10.3706503309 86.952176636
X6 BB10 16.65 P -67.690697 -26.379 3.336 0.8485311229778384 237.80829437221638 58.16161196882436 16.0691839182 86.7549156739
X6 EW17 32.25 P -68.427002 -26.885 4.38 1.6765267721973798 234.9008366309007 55.58484566494241 31.5714278711 85.7157029436
X6 EW19 36.15 P -68.666 -26.881001 4.575 1.854364377321716 238.723784291773 59.51405247348576 34.8979625511 85.4036526744
2B NS01 10.3 P -67.426306 -26.098111 3.347 0.5114489950024107 250.59189198764744 70.82748130021716 9.75431286026 87.7474361148
2B NS19 9.65 P -67.407083 -26.038944 3.404 0.478346946365678 256.61735943877375 76.8442771751875 9.13358039173 88.582668821
X6 BB04 39.21 P -69.021004 -26.540001 3.72 2.007413980736204 251.81517471203247 72.75765485544012 37.7596325465 85.1206514943
2B NS20 8.67 P -67.370778 -25.931753 3.59 0.43314612128142654 269.5503768853584 89.76098322027885 8.28563565505 89.8737518475
X6 BB08 18.49 P -67.917999 -26.016001 3.347 0.929003483310131 264.4105451398178 84.8611292261923 17.5765238807 86.695838213
2B BB05 24.26 P -68.243278 -26.009306 4.339 1.2200293943384537 265.9366538540464 86.52963232932949 23.0268228388 86.3934866058
2B NS21 7.5 P -67.294083 -25.839222 4.095 0.37524251729812613 283.77761001709007 103.95438470756353 7.19942717838 91.7907380277
X6 BB23 44.95 P -69.426003 -25.367001 2.81 2.354923673335524 283.25892130877213 104.357136748302 44.168443338 48.7928844211
2B BB06 26.79 P -68.372254 -25.545861 3.833 1.3898526642134734 285.6852681073573 106.32933620161434 26.206322879 86.1651343662
2B NS22 7.73 P -67.265917 -25.756694 4.379 0.3804207317806389 296.87528057970127 117.03951515557752 7.29653698908 91.6143160592
X6 BB07 15.31 P -67.618103 -25.516001 3.399 0.7758635492291386 302.0159484597634 122.3323289849415 14.7079681175 86.797619691
2B NS24 9.17 P -67.234444 -25.582833 4.317 0.46545523375157083 318.0014174709536 138.15146151765182 8.891767921 88.9280047786
2B NS25 9.79 P -67.210333 -25.517667 4.214 0.5030329250469002 324.81555898470737 144.9549614660844 9.59652056916 87.9539509039
2B NS26 11.62 P -67.206639 -25.41475 4.035 0.5886313312112481 330.84501224819013 150.98255497034387 11.2005223624 86.8560887909
2B BB20 9.49 P -66.786583 -25.438806 4.284 0.4989803397604509 10.697839213919655 190.653384665119 9.52053203675 88.0546945254
2B BB21 18.92 P -65.941444 -25.535861 2.507 0.9399542255168961 65.47196731758909 245.06049068943003 17.781636728 86.6868919568
2B BB17 18.26 P -65.895889 -25.914444 1.623 0.8934512357927922 89.27401192340928 268.8398041875486 16.9106003284 86.7234080194
2B BB16 22.54 P -65.865694 -26.629639 2.224 1.1544684742251892 127.58112786760398 307.1279749583449 21.7991618954 86.4723697631
2B BB18 15.25 P -66.362944 -26.542889 2.984 0.7742441787974288 142.55375994688598 322.32113461116796 14.677633294 86.7984505878
2B EW06 21.75 P -66.127972 -26.849167 2.244 1.1451411357348766 143.6248250792116 323.28649179203904 21.6244945892 86.4831272432
2B EW05 19.46 P -66.295167 -26.785944 2.339 1.0086427871804757 148.2831086456286 328.0193870349836 19.06816328 86.6260916455
X6 BB14 35.57 P -65.9785 -27.597099 1.854 1.8555589321127546 154.21527553533863 333.8051558997612 34.9203023977 85.4014915734
