X6 BB14 13.08 P -65.9785 -27.597099 1.854 0.6898458626726358 195.26304777258588 15.356919127613736 13.2620623307 97.7018556413
2B EW08 3.11 P -65.788833 -26.936083 2.491 0.014270217648120023 252.25278619003734 72.2596916020026 2.88255173639 174.565427594
X6 BB13 19.52 P -66.598 -27.6413 0.937 1.019942772863972 225.72969567023546 46.10765185805522 19.3367788565 89.1381817789
X6 BB15 13.12 P -66.369797 -27.3405 2.856 0.669778908779739 232.2532799247028 52.52521808347524 12.895283306 98.2278970665
X6 NS16 33.56 P -67.613403 -27.5686 1.608 1.75521181816244 248.30599269489718 69.1484709830637 32.8411530122 84.0733784812
X6 NS14 34.1 P -67.694199 -27.443701 1.839 1.7834479521096231 252.88059426967405 73.75820914488037 33.3594954735 84.0725462953
X6 NS13 34.92 P -67.773598 -27.336 2.022 1.8252038647317443 256.7487317249768 77.66095737112994 34.126024665 84.0712512848
X6 BB11 20.84 P -66.943604 -27.112499 2.193 1.0578413438734984 259.8955371028233 80.4271309408396 20.0358950866 87.472087779
X6 BB02 39.46 P -68.089996 -27.111 3.81 2.071283970636874 264.50943089543864 85.56194279772691 38.6433699097 84.0620696682
X6 NS10 32.4 P -67.688004 -27.051001 2.485 1.710035408303718 265.5665834188612 86.43551774664644 32.0118292754 84.0746367111
X6 EW16 43.46 P -68.277 -26.851 4.705 2.2341298104424427 271.50434710568106 92.63678477103332 41.2231140695 49.8889150507
2B EW03 17.3 P -66.757 -26.858917 3.238 0.8800560425493477 274.52359231416557 94.96845926055877 16.7562220539 93.157873712
2B EW01 21.74 P -67.010778 -26.740556 3.72 1.1203724520993947 279.5452171354898 100.10375291110064 21.1868699562 84.2520233374
X6 EW10 26.44 P -67.262001 -26.591999 3.505 1.3717090064720312 284.00381512933916 104.67405575493393 25.8009698985 84.0811650421
2B EW06 6.98 P -66.127972 -26.849167 2.244 0.3266720228882395 284.5602257402669 104.72050913387898 6.77448854464 112.863481428
2B EW05 9.9 P -66.295167 -26.785944 2.339 0.4876163672069763 287.2786921158131 107.51433982778106 9.59605807714 104.11242923
2B NS04 28.38 P -67.337139 -26.420028 3.076 1.4878711694001447 289.76334671812265 110.46533360298068 27.9334360129 84.0795036076
2B BB05 46.21 P -68.243278 -26.009306 4.339 2.395427833748499 292.0940480610786 113.19505325409733 43.4997093957 49.8798384565
2B NS03 29.92 P -67.386861 -26.315444 3.135 1.5683563139492036 292.77507616602435 113.49807627325478 29.4109509656 84.0779952189
2B NS02 31.72 P -67.414333 -26.200694 3.341 1.6394909354330436 296.11151344423195 116.84536174882506 30.7168089503 84.07642064
2B NS01 32.93 P -67.426306 -26.098111 3.347 1.6976223667782757 299.03842788374305 119.77631272608188 31.7839571459 84.0749666185
2B BB06 52.21 P -68.372254 -25.545861 3.833 2.711657518365044 300.1547873344634 121.30393471051573 47.9620441221 49.8571621305
2B NS19 32.97 P -67.407083 -26.038944 3.404 1.7130619226495805 301.0436312124251 121.77218066086745 32.0673884233 84.0745552393
2B NS20 33.3 P -67.370778 -25.931753 3.59 1.7451068795199387 304.60272046756813 125.31374381689334 32.6556522605 84.0736677501
2B BB18 13.17 P -66.362944 -26.542889 2.984 0.6543952610623937 306.32299752012284 126.58815257321743 12.6144799796 98.6467302145
2B NS21 33.38 P -67.294083 -25.839222 4.095 1.746072819397139 308.39248671266915 129.06826960652793 32.673384443 84.0736402936
2B NS22 34.06 P -67.265917 -25.756694 4.379 1.7801893354742746 310.97052248974245 131.63282756009664 33.2996757321 84.0726441288
2B NS23 34.78 P -67.226417 -25.662889 4.418 1.818312998698727 313.9267745582509 134.57048729718355 33.9995265374 84.0714702808
2B NS24 35.88 P -67.234444 -25.582833 4.317 1.8803702785423368 315.5101943467706 136.15655392323697 35.1387326807 84.0694229221
2B GALAN 28.9 P -66.948139 -25.844667 4.63 1.5128463163241697 315.6721974106784 136.19426559412867 28.3919204713 84.0790666898
2B NS25 36.45 P -67.210333 -25.517667 4.214 1.9132635591217464 317.3325486917842 137.9675108270299 35.742563824 84.0682693003
2B NS26 38.17 P -67.206639 -25.41475 4.035 1.988753877995619 319.3900396280934 140.02222140186956 37.1283557711 84.0654430943
2B BB16 6.62 P -65.865694 -26.629639 2.224 0.31308554573188074 344.75289680915637 164.7943977723628 6.54432296484 113.900640099
2B BB21 26.5 P -65.941444 -25.535861 2.507 1.40396928361739 353.8063109925988 173.88051477566896 26.3931939124 84.080765078
2B BB17 19.62 P -65.895889 -25.914444 1.623 1.0231686153382344 353.82773750919864 173.88216313797022 19.3963065964 89.009784767
2B EW22 3.41 P -65.692889 -26.951917 2.052 0.07471805879713975 105.68981232537303 285.65324876562147 3.19504802317 153.425515369
