X6 NS18 18.91 P -67.628998 -27.900801 1.376 0.9801884564333714 236.30355778679126 56.73151680444609 18.5702658003 94.7274049228
X6 BB24 25.45 P -68.097702 -27.832701 3.117 1.3206346360111765 248.7071462887386 69.35176010452322 24.9058755595 92.6413780714
X6 NS16 16.59 P -67.613403 -27.5686 1.608 0.8315083731940556 255.2647461903619 75.68313658891825 15.8101687629 96.1697087814
X6 NS15 16.11 P -67.603302 -27.479601 1.646 0.805212449666348 261.25427969315535 81.66739252713623 15.3226822812 96.4667203518
X6 NS14 17.71 P -67.694199 -27.443701 1.839 0.8810944885176711 264.32402656795296 84.7787254537658 16.7299491257 95.6376036424
X6 BB01 25.21 P -68.143997 -27.424 3.455 1.278154578012189 266.8009030598978 87.46241091691309 24.1146516081 92.8382788804
X6 NS13 19.05 P -67.773598 -27.336 2.022 0.9483691700124793 271.20706945548307 91.69742139861077 17.9790708951 95.0012063756
X6 NS12 18.73 P -67.756798 -27.2283 2.017 0.9428437631666753 277.79063025462335 98.27238691640848 17.8764342033 95.0504779348
X6 BB02 24.19 P -68.089996 -27.111 3.81 1.2552912175085036 281.1254949103951 101.75879830514316 23.6888471501 92.9475538131
X6 EW20 36.65 P -68.766998 -26.91 4.455 1.8883268035559457 283.31605469778754 104.2560337893371 35.3622340677 79.8852465632
X6 EW19 35.37 P -68.666 -26.881001 4.575 1.808846372548888 284.90836796161074 105.80183090841622 33.9031715394 79.8864058829
X6 EW18 33.31 P -68.552002 -26.906 4.475 1.7042141774195196 285.0288879595222 105.87072919070008 31.9823779269 79.8876817697
X6 NS10 17.87 P -67.688004 -27.051001 2.485 0.9262301048281859 289.2653784068315 109.71423785918545 17.5678739075 95.2017879874
X6 EW16 29.11 P -68.277 -26.851 4.705 1.4880067791090572 289.64510562371555 110.36083732294495 28.0133140067 79.8894071192
X6 BB04 43.23 P -69.021004 -26.540001 3.72 2.220313557950609 291.14645814384295 112.19568240971168 41.3557437147 49.1986446745
2B BB05 37.35 P -68.243278 -26.009306 4.339 1.9262259814153058 314.17698828819084 134.86732496495478 36.0579665219 79.8846362298
2B BB06 45.34 P -68.372254 -25.545861 3.833 2.348555330137859 320.19915374221034 140.941438511393 43.16586522 49.1921055921
X6 BB11 7.37 P -66.943604 -27.112499 2.193 0.3252958549043752 319.49444245659646 139.6030777828553 6.56579465897 109.763836814
X6 EW10 17.79 P -67.262001 -26.591999 3.505 0.9138892781386633 327.0560728764524 147.3081857507593 17.3387169503 95.317306168
2B NS04 21.09 P -67.337139 -26.420028 3.076 1.0955459408824806 328.9520266884303 149.23738401384895 20.7152837418 93.8652763437
2B NS03 23.11 P -67.386861 -26.315444 3.135 1.2082987651465433 329.67240763842136 149.97970280866792 22.813832489 93.1917808268
2B NS02 25.72 P -67.414333 -26.200694 3.341 1.3204773801483591 331.23766357577176 151.55673246155823 24.9029462948 92.6420775096
2B NS01 27.37 P -67.426306 -26.098111 3.347 1.4163463911442333 332.83207008247825 153.15596153493073 26.6890437841 92.2559083633
2B NS19 28.11 P -67.407083 -26.038944 3.404 1.4619440321068482 334.4835231589195 154.79844641838352 27.5348614521 79.8895311286
2B NS20 29.55 P -67.370778 -25.931753 3.59 1.5468533950383025 337.26972738549466 157.56778469027532 29.0936027743 79.8890602071
2B EW01 13.45 P -67.010778 -26.740556 3.72 0.6762539801937532 336.2851741957573 156.42367470764805 12.9375871936 98.299932333
2B NS21 30.51 P -67.294083 -25.839222 4.095 1.609078169359245 340.80134417670206 161.06458053344622 30.2359052843 79.8885932035
2B NS22 31.83 P -67.265917 -25.756694 4.379 1.679673136278738 342.5338385589215 162.78410407543726 31.5318628078 79.8879396289
2B NS23 33.46 P -67.226417 -25.662889 4.418 1.7598166325366869 344.5456842800375 164.77790867109965 33.0031052599 79.8870392787
2B NS24 35.0 P -67.234444 -25.582833 4.317 1.839018167947623 344.98298634257577 165.21846643885178 34.4570510901 79.8859850629
2B NS25 35.94 P -67.210333 -25.517667 4.214 1.8968480081123469 346.1209545438362 166.34543098901236 35.5186618123 79.8851125682
2B NS26 38.37 P -67.206639 -25.41475 4.035 1.9962584109392199 346.9115113925284 167.13394361448852 37.3435800482 79.8834110219
2B GALAN 29.64 P -66.948139 -25.844667 4.63 1.530726084067904 351.8223533389488 171.9306869792834 28.7975424928 79.8891644738
2B EW03 10.35 P -66.757 -26.858917 3.238 0.5031523120123237 354.8356704214902 174.85880431100998 9.7598764522 102.152681741
2B BB21 37.49 P -65.941444 -25.535861 2.507 1.9484408941000855 20.746206829137655 200.40553391627193 36.4657751532 79.8842612555
2B BB18 17.55 P -66.362944 -26.542889 2.984 0.8725627418961478 20.60795451193472 200.45235896083136 16.5716245506 95.7241800577
2B BB17 31.52 P -65.895889 -25.914444 1.623 1.616895279969045 26.796568963784562 206.43322500826906 30.3794091752 79.8885272931
2B EW05 13.57 P -66.295167 -26.785944 2.339 0.6808480430250237 32.61423418348544 212.42714424941954 13.0223645065 98.2227756063
2B BB16 20.85 P -65.865694 -26.629639 2.224 1.0461389866854764 45.91042817698492 225.52888530094725 19.7962905523 94.2109179096
2B EW06 14.55 P -66.127972 -26.849167 2.244 0.7252284638019937 45.349165169902385 225.0856951288275 13.8422358138 97.5353152283
2B EW08 18.08 P -65.788833 -26.936083 2.491 0.9198502624864425 62.76523001939203 242.34661783670913 17.4494016063 95.2611714037
2B EW22 19.47 P -65.692889 -26.951917 2.052 0.9897007281014317 65.87845076526439 245.41593303223522 18.7470453893 94.6487616506
X6 BB15 6.59 P -66.369797 -27.3405 2.856 0.2994660336518093 86.33688633915789 266.1823170723331 6.1149864713 111.496307109
X6 BB14 13.79 P -65.9785 -27.597099 1.854 0.6877785501248012 110.32980122907122 289.9940082792057 13.1502900981 98.1083689552
X6 BB13 6.27 P -66.598 -27.6413 0.937 0.29719724083041227 161.17859773124883 341.1286195503069 6.07565002943 111.660653834
