X6 BB23 13.82 P -69.426003 -25.367001 2.81 0.6997930616398149 332.04966233589226 152.2069437117547 13.3604344507 79.899917567
2B BB06 15.02 P -68.372254 -25.545861 3.833 0.761819733507394 54.893636572031625 234.59336353834792 14.526988264 79.013902966
2B NS26 34.25 P -67.206639 -25.41475 4.035 1.7674393707745732 71.56048585874238 250.75537986296698 33.3608843437 78.0719338535
2B NS25 33.69 P -67.210333 -25.517667 4.214 1.7330341806682454 74.73867414946034 253.93367466122484 32.7169778015 78.0907320497
2B NS24 32.92 P -67.234444 -25.582833 4.317 1.6950462325337436 76.65263482987449 255.85717836116436 32.0059465826 78.1102788598
2B NS23 32.78 P -67.226417 -25.662889 4.418 1.6843730152632042 79.35481814102963 258.55471589329346 31.8061640992 78.1156399772
2B NS22 31.97 P -67.265917 -25.756694 4.379 1.6330968415591625 82.33469790254826 261.5504834693897 30.8463186311 78.140588763
2B NS21 31.27 P -67.294083 -25.839222 4.095 1.5977952155257567 85.12996473805013 264.3568977219329 30.1854542444 78.1569819925
2B GALAN 37.33 P -66.948139 -25.844667 4.63 1.907400751667036 86.22486927454388 265.3005001643823 35.9799328765 77.9914062917
2B NS19 29.21 P -67.407083 -26.038944 3.404 1.4891294545417482 92.41519045545331 271.6889186130404 28.1509449436 78.2033685805
2B BB05 15.19 P -68.243278 -26.009306 4.339 0.7371683290054187 92.0210723986665 271.6617519042006 14.0637535328 79.3634765308
2B NS01 28.93 P -67.426306 -26.098111 3.347 1.4748243138111137 94.73348752801715 274.0148879356449 27.8830906759 78.2090107007
2B NS02 29.78 P -67.414333 -26.200694 3.341 1.4961747026433079 98.62689748658168 277.90171379974987 28.282860547 78.2005498039
2B BB16 57.5 P -65.865694 -26.629639 2.224 2.9375317863354535 103.36932954926878 281.9519900487952 52.7951988583 47.5204131495
2B NS03 30.29 P -67.386861 -26.315444 3.135 1.5402932843878603 102.73301158640413 281.99423392832625 29.1089084704 78.1823004525
2B BB18 48.03 P -66.362944 -26.542889 2.984 2.484563239208128 103.55615049625516 282.3611461479195 46.4033864307 47.5504525214
2B NS04 31.23 P -67.337139 -26.420028 3.076 1.6082794640352462 106.05044701909095 285.2883353836527 30.3817287288 78.1521804537
2B EW04 46.27 P -66.505583 -26.810583 2.671 2.434709169647191 110.37076941472355 289.2335410584684 45.6997296574 47.5530115672
2B EW02 40.7 P -66.837028 -26.750694 3.213 2.136055771314606 111.47933779750969 290.4905729823578 40.2567466157 77.8374011431
2B EW01 38.39 P -67.010778 -26.740556 3.72 1.9877009664415113 112.77452228112088 291.8631128637921 37.4821635609 77.9402116669
X6 BB15 53.76 P -66.369797 -27.3405 2.856 2.7618485776674055 119.97597381035067 298.7671499895976 50.3165056767 47.5335131528
X6 BB14 60.62 P -65.9785 -27.597099 1.854 3.1901161347365914 121.02762300261809 299.6368955066982 56.3579155344 47.4983705209
X6 BB11 42.78 P -66.943604 -27.112499 2.193 2.2054692641142126 121.19646765280325 300.2490360414531 41.5545337602 77.7854404961
X6 BB13 52.7 P -66.598 -27.6413 0.937 2.753256953449473 127.51569606460154 306.4035075414665 50.1952748145 47.5341067565
X6 NS13 35.3 P -67.773598 -27.336 2.022 1.775178701341352 139.81232032175734 319.23369005350065 33.5057302966 78.0677855996
X6 NS14 37.66 P -67.694199 -27.443701 1.839 1.9028529939169443 140.32348385304172 319.7080636893083 35.8948463599 77.9942086655
X6 BB02 27.94 P -68.089996 -27.111 3.81 1.4226979109057898 142.4964039590277 322.0614825139487 26.9070140114 78.2286424314
X6 BB01 31.9 P -68.143997 -27.424 3.455 1.6561699122604936 150.48883578363137 330.0757959205813 31.2782370522 78.1295282798
X6 BB24 38.96 P -68.097702 -27.832701 3.117 2.0377834409434126 155.23017195181345 334.79322915708207 38.4189413346 77.9066739717
X6 EW20 19.12 P -68.766998 -26.91 4.455 0.9616249386326349 164.06733175233228 343.9354873480927 18.2710642421 78.3360410869
X6 BB04 11.66 P -69.021004 -26.540001 3.72 0.5556615104615792 176.12177509895284 356.1031863523142 10.6383019234 81.8625831269
