2B EW03 15.11 P -66.757 -26.858917 3.238 0.7952329280144455 186.28069439196966 6.324151120540847 15.1194516718 80.7762814237
X6 BB11 20.67 P -66.943604 -27.112499 2.193 1.0744774706431468 193.61410096057634 13.741281162891426 20.3504616162 80.7357667249
X6 NS18 38.17 P -67.628998 -27.900801 1.376 2.025752770284888 205.02601276363612 25.465995521899714 38.157755876 80.1932532044
2B EW01 14.42 P -67.010778 -26.740556 3.72 0.7420728473008442 205.00993199134746 25.16615713572034 14.1235044914 80.9667303197
X6 NS16 33.03 P -67.613403 -27.5686 1.608 1.7248158471485402 209.3610285519465 29.791449120528455 32.5276656161 80.4269797748
X6 NS15 31.53 P -67.603302 -27.479601 1.646 1.643530834064701 210.63170641414746 31.05691054299632 31.0063164133 80.4809771943
X6 NS14 32.33 P -67.694199 -27.443701 1.839 1.6567352809470357 213.66339654266747 34.1292616385241 31.2534725183 80.4725583458
X6 BB24 41.63 P -68.097702 -27.832701 3.117 2.180774126593063 215.68183036957348 36.33376647146508 41.0562971516 80.0522830231
X6 NS10 25.39 P -67.688004 -27.051001 2.485 1.3459741681439472 222.88858180554928 43.34849108140193 25.4353490186 80.641420121
X6 BB01 37.49 P -68.143997 -27.424 3.455 1.8959628434648683 224.030797942694 44.69896415140707 35.7300794183 80.3010661593
X6 EW10 14.73 P -67.262001 -26.591999 3.505 0.7521067505231251 225.75545002449053 46.02269736149867 14.3115416895 80.7963375631
X6 BB02 32.73 P -68.089996 -27.111 3.81 1.65018622303908 230.50292433225587 51.143272782688115 31.130890339 80.4767472082
2B NS04 13.45 P -67.337139 -26.420028 3.076 0.7021369280598818 239.8063407508464 60.106002771500854 13.374280212 81.6488228642
2B NS03 13.57 P -67.386861 -26.315444 3.135 0.6978447148038713 249.11491247154171 69.43596594475606 13.293676699 81.7219744875
2B NS02 14.04 P -67.414333 -26.200694 3.341 0.6904476097850694 258.7950050847069 79.12750558688693 13.1547301438 81.8459391313
2B NS01 13.79 P -67.426306 -26.098111 3.347 0.6893603770234279 267.36877127661586 87.705929219546 13.1342991916 81.8631277237
2B NS19 13.32 P -67.407083 -26.038944 3.404 0.6722777229511462 272.35469049914053 92.68304948494576 12.8131136438 82.1571474013
2B BB05 28.21 P -68.243278 -26.009306 4.339 1.4242534087602763 272.0337656707452 92.72905691250142 26.9011606544 80.6047847578
2B NS20 12.81 P -67.370778 -25.931753 3.59 0.6537636206588914 281.9166742549477 102.22848939584142 12.4648114121 82.4798505446
2B BB06 31.64 P -68.372254 -25.545861 3.833 1.6280887439876943 288.34944504094744 109.09514125007998 30.7172694521 80.4906870305
2B NS21 12.0 P -67.294083 -25.839222 4.095 0.61493341205617 291.7513712052026 112.0291040611003 11.7337889815 83.1819079412
2B NS22 12.36 P -67.265917 -25.756694 4.379 0.6282867057417066 299.6202850989891 119.88529854736736 11.9853612201 82.9423091851
2B GALAN 6.75 P -66.948139 -25.844667 4.63 0.34271805036847 310.7110935777493 130.83743496696943 6.5833709212 88.5899687121
2B NS23 12.71 P -67.226417 -25.662889 4.418 0.6517276657535007 308.36368098980796 128.61101564337918 12.426496435 82.5155973735
2B NS24 13.74 P -67.234444 -25.582833 4.317 0.7097191459940504 313.0544270610828 133.3049028683992 13.5166291267 81.519203224
2B NS25 14.35 P -67.210333 -25.517667 4.214 0.7412060500700001 317.87956727777606 138.1192578115424 14.1072567121 80.9814763447
2B NS26 15.97 P -67.206639 -25.41475 4.035 0.818704841476874 322.8681342107565 143.10577592182332 15.5591632691 80.7752177329
2B BB21 16.81 P -65.941444 -25.535861 2.507 0.8376097969364968 50.67080771306366 230.35826270166564 15.9133184651 80.7740372438
2B BB17 14.42 P -65.895889 -25.914444 1.623 0.703438543203591 77.51781166232978 257.18317111984777 13.398720208 81.6265946705
2B EW22 24.22 P -65.692889 -26.951917 2.052 1.2363555719948096 135.81981968778143 315.3883516069482 23.3824581719 80.6857432508
2B EW07 19.09 P -66.044 -26.894972 2.295 0.9932574648816975 146.4506052064673 326.17614353726685 18.8290593458 80.7536841813
2B EW06 17.85 P -66.127972 -26.849167 2.244 0.9142611334710777 148.75482039035194 328.5179954618969 17.3492459689 80.7663531203
2B BB18 10.8 P -66.362944 -26.542889 2.984 0.5438017081559351 150.80126817497964 330.669851641184 10.3916466928 84.4772198884
2B EW05 15.17 P -66.295167 -26.785944 2.339 0.7881464394199974 155.62820380373688 335.46605659423676 14.9866965402 80.7765139966
X6 BB14 31.29 P -65.9785 -27.597099 1.854 1.6449494304028143 158.47379085169513 338.16637191805296 31.0328694745 80.4800778486
X6 BB15 24.97 P -66.369797 -27.3405 2.856 1.2980663286907068 168.5650407201559 348.4348498528574 24.5381829327 80.6618059347
2B EW04 16.25 P -66.505583 -26.810583 2.671 0.7547792113636871 169.51434833327787 349.44582151268406 14.3616088315 80.7770424167
X6 BB13 29.85 P -66.598 -27.6413 0.937 1.5737661608105484 178.01636119862897 357.98858380620595 29.700390526 80.5236711581
