X6 BB14 9.66 P -65.9785 -27.597099 1.854 0.4843033419088444 206.49015917376326 26.602260517455875 9.69538551907 107.946017758
X6 BB13 17.74 P -66.598 -27.6413 0.937 0.9029397801552332 237.87973951872578 58.277051279264995 17.2169397605 96.5669729573
X6 BB15 12.1 P -66.369797 -27.3405 2.856 0.5915473007491179 252.48015553922497 72.77095159765429 11.5888510477 103.808046309
X6 BB12 25.38 P -67.124496 -27.5131 2.152 1.2829655918318663 253.8854219595765 74.52368563778106 24.1697189389 92.6770741765
X6 NS16 33.26 P -67.613403 -27.5686 1.608 1.716778763477899 255.93315700950046 76.79679628088087 32.1264338031 91.142960232
X6 NS13 35.34 P -67.773598 -27.336 2.022 1.8207081061682235 264.10843818219547 85.04205054756495 34.0332874397 90.9258585457
X6 BB11 21.4 P -66.943604 -27.112499 2.193 1.076991871783749 272.4572377044608 93.00865860324011 20.3967440781 94.2833801701
2B EW03 18.88 P -66.757 -26.858917 3.238 0.9604298124962857 288.27906968363885 108.74335432392428 18.2658055963 95.6917785005
X6 NS06 31.08 P -67.440002 -26.616301 3.111 1.616417281041277 289.41305158624846 110.18435793746801 30.2851678017 91.3809435731
X6 EW09 26.86 P -67.184097 -26.684099 3.898 1.3784192290355621 290.03847188230213 110.69478160888475 25.9197740433 92.1867777957
2B EW01 23.48 P -67.010778 -26.740556 3.72 1.2136361836658525 290.1228015181058 110.7011808697712 22.8990811883 93.1130997544
X6 EW10 28.54 P -67.262001 -26.591999 3.505 1.477408208910318 292.42522091429043 113.1157190739314 27.7351851099 91.7879517865
X6 NS05 31.32 P -67.403397 -26.512501 3.037 1.6251270658476318 293.2495875259406 114.00299024884644 30.4449548288 91.3590974555
2B NS04 30.7 P -67.337139 -26.420028 3.076 1.6121918176463725 297.1125634210312 117.83489661929744 30.2076491691 91.3916268898
2B NS02 34.67 P -67.414333 -26.200694 3.341 1.7831789436266843 302.312855898637 123.067130396267 33.3447041198 91.0010519733
2B NS20 36.51 P -67.370778 -25.931753 3.59 1.9130640729921795 309.72488316305316 130.45617906060144 35.7278848913 90.7548691732
2B EW06 9.63 P -66.127972 -26.849167 2.244 0.47092199931031725 311.84139193800564 132.019952481488 9.46212517961 108.559255207
2B NS22 37.43 P -67.265917 -25.756694 4.379 1.9644121642417989 315.4069372087888 136.08927474038862 36.6700758718 90.6676960645
2B EW07 8.55 P -66.044 -26.894972 2.295 0.3849439336053449 314.2358767862498 134.37641589085138 7.98757675685 113.272306253
2B GALAN 32.52 P -66.948139 -25.844667 4.63 1.7085821381974085 320.26866840202996 140.81021319506343 31.976050678 91.1613035466
2B EW08 5.86 P -65.788833 -26.936083 2.491 0.23280743334362886 348.0469717101543 168.0715673991283 5.55977722397 126.969412793
2B EW24 7.9 P -65.397556 -27.040778 0.376 0.3244191096969995 67.78219657755578 247.6285774528765 6.98427336418 117.649636167
