2B EW02 8.43 P -66.837028 -26.750694 3.213 0.42364172358750246 187.91994362504707 7.9491530821300955 8.14776212945 97.5789044974
X6 BB11 15.67 P -66.943604 -27.112499 2.193 0.7963406766938856 191.081096736726 11.158415185671458 15.0945616647 91.9831957928
X6 BB12 25.51 P -67.124496 -27.5131 2.152 1.2231395752676861 194.8246607951861 14.98442678091618 23.0729802957 89.5862727467
X6 NS18 34.03 P -67.628998 -27.900801 1.376 1.7453362393536693 205.73239708326588 26.123208448374783 32.8328527205 87.7565263604
2B EW01 9.34 P -67.010778 -26.740556 3.72 0.4619663908004517 207.53290879954588 27.639737789664792 8.85887865477 96.593906491
X6 NS17 30.05 P -67.624702 -27.707899 1.496 1.5725784561598892 208.70423519457376 29.091800971107347 29.6048776318 88.3117100923
X6 NS16 27.99 P -67.613403 -27.5686 1.608 1.4471855342082225 211.04005393204415 31.42156885415349 27.2612925829 88.7401125877
X6 NS15 26.47 P -67.603302 -27.479601 1.646 1.367115485559368 212.6644584859483 33.040816110504466 25.764571207 89.0256765772
X6 NS14 27.29 P -67.694199 -27.443701 1.839 1.3837773809218807 216.2769316165765 36.69416669851785 26.0760420882 88.9685322538
X6 NS12 25.53 P -67.756798 -27.2283 2.017 1.2563454808225052 224.20782760408912 44.651715462543734 23.6937822354 89.4513110859
X6 EW09 10.25 P -67.184097 -26.684099 3.898 0.5107075501148417 226.1846075132779 46.36868693767707 9.76500926522 95.5264155187
X6 NS11 23.11 P -67.702599 -27.112499 2.17 1.1410384240426008 226.57156920678688 46.99019177277759 21.5380173164 89.9437979116
X6 NS10 20.89 P -67.688004 -27.051001 2.485 1.090182711446392 228.46944233748917 48.881060863780846 20.5872104881 90.1920144484
X6 NS09 18.89 P -67.652603 -26.910101 3.44 0.9774807636453327 233.48088119707518 53.87562637707367 18.4801970473 90.7806684262
X6 EW10 10.25 P -67.262001 -26.591999 3.505 0.5106451831955142 239.16687312873324 59.38536978388436 9.76384874698 95.5276522188
X6 NS08 17.61 P -67.648399 -26.7841 4.19 0.905655613861541 239.7927164109808 60.18471371212121 17.137535173 91.1976696341
X6 NS07 15.09 P -67.550499 -26.6677 3.517 0.7740278875575133 244.0504703064397 64.39798554568108 14.6776789364 92.1708399505
X6 NS06 12.89 P -67.440002 -26.616301 3.111 0.662757782988412 244.36397155220573 64.66191383106786 12.5996980449 93.2745953519
X6 EW11 17.11 P -67.676201 -26.666201 3.755 0.8761256755813356 247.3118944418758 67.71548853344025 16.5855816303 91.393090939
X6 EW12 18.63 P -67.773598 -26.685101 3.735 0.9639530702833342 248.23211519023184 68.67931627028503 18.2273084003 90.8614619764
X6 EW14 22.53 P -68.002602 -26.709 4.552 1.1644369168143736 250.78904522333116 71.33869475319769 21.9754792099 89.8389709109
X6 NS05 11.56 P -67.403397 -26.512501 3.037 0.5941156112837359 252.08247305878228 72.36358395548163 11.3189178994 94.1264488796
2B NS04 10.03 P -67.337139 -26.420028 3.076 0.5143581142403324 259.9194222218153 80.17064022829341 9.83294307243 95.4546043883
X6 BB09 24.71 P -68.098801 -26.525101 3.787 1.2041698145967026 260.4343002116599 81.02499928121739 22.7183256671 89.6656545952
X6 BB10 16.17 P -67.690697 -26.379 3.336 0.8249030910729671 266.46774515846266 86.87574295950974 15.6282784346 91.7577250587
2B NS03 10.82 P -67.386861 -26.315444 3.135 0.5516313831785454 271.4907573334276 91.76356175295265 10.5270193503 94.7828944558
X6 BB19 5.53 P -67.061501 -26.306299 4.419 0.2609792893243209 275.390575627438 95.51908130524187 5.16029288202 104.674297544
2B NS02 12.1 P -67.414333 -26.200694 3.341 0.5908884709375898 282.608285021466 102.89269499877092 11.2587409248 94.1729541782
2B BB05 27.4 P -68.243278 -26.009306 4.339 1.3593885761786253 283.36798091747255 104.01705393127406 25.6201253113 89.0519864172
X6 BB08 21.45 P -67.917999 -26.016001 3.347 1.0759663119973486 286.7757597417133 107.28141626002835 20.3214200913 90.2620443567
2B NS01 12.83 P -67.426306 -26.098111 3.347 0.6318413788794871 291.49421982092883 111.78340319779248 12.0227259469 93.6470595291
2B NS20 13.05 P -67.370778 -25.931753 3.59 0.6699235401625556 306.46017221344874 126.72404677192608 12.7334620032 93.1945429379
2B NS21 13.19 P -67.294083 -25.839222 4.095 0.6797851519668056 316.23639575557905 136.46611245645818 12.9175256575 93.0721939086
2B NS22 14.06 P -67.265917 -25.756694 4.379 0.7260485793600295 322.1841868134484 142.4011993901358 13.7814139996 92.5974330958
2B NS24 16.37 P -67.234444 -25.582833 4.317 0.8561838763769356 330.82085896785463 151.02342333082944 16.2128722138 91.5337555188
2B NS25 17.22 P -67.210333 -25.517667 4.214 0.9040665731554967 334.0297307136242 154.2215178375972 17.1078327627 91.2078284338
2B NS26 19.14 P -67.206639 -25.41475 4.035 0.9964356908534401 336.7772893773252 156.9671113296241 18.8345541879 90.6787244819
2B GALAN 10.1 P -66.948139 -25.844667 4.63 0.511612092822868 341.9136231119509 161.99123081967485 9.78184120475 95.5085162741
2B BB20 16.53 P -66.786583 -25.438806 4.284 0.8924030084910319 359.13465338587736 179.14116888837046 16.8898207334 91.2835864055
2B BB21 21.47 P -65.941444 -25.535861 2.507 1.0907949137273292 43.37567574776302 223.01258607555957 20.5986562753 90.1890141265
2B BB17 17.93 P -65.895889 -25.914444 1.623 0.8898814754154863 62.27436770128692 241.8887609709967 16.8426898728 91.300252648
2B BB16 17.21 P -65.865694 -26.629639 2.224 0.8641196938307023 110.41224296119867 290.00827299899345 16.36118839 91.4768908678
2B BB18 8.71 P -66.362944 -26.542889 2.984 0.4228325282808826 120.14791431542304 299.96594795507 8.13274918034 97.5987256329
2B EW22 22.26 P -65.692889 -26.951917 2.052 1.1467931114307153 123.01581765498184 302.53207132284285 21.6456080085 89.9208035821
2B EW08 20.65 P -65.788833 -26.936083 2.491 1.0666820640854848 124.77136844697512 304.330769191732 20.1478421968 90.3082187443
2B EW07 17.37 P -66.044 -26.894972 2.295 0.8609126381262906 131.07892628140354 310.75295483171453 16.3012497199 91.499728131
2B EW06 14.99 P -66.127972 -26.849167 2.244 0.7744040689628564 132.1316716690357 311.8435486738239 14.6847069214 92.1675892035
2B EW05 12.19 P -66.295167 -26.785944 2.339 0.623321982098909 136.96711054541353 316.7540627223061 11.8637863541 93.7595121194
X6 BB15 20.65 P -66.369797 -27.3405 2.856 1.071189997084389 160.53299667124065 340.3515743773694 20.232122228 90.2857512843
X6 BB13 25.19 P -66.598 -27.6413 0.937 1.3192986269872118 173.30310422695345 353.2242967511461 24.8706856365 89.206773073
2B EW03 10.25 P -66.757 -26.858917 3.238 0.5279717392496603 178.5806451998391 358.57408257073035 10.0863548127 95.1966789167
