X6 BB13 13.57 P -66.598 -27.6413 0.937 0.6829437882263768 212.970965929237 33.16375180652841 13.0429110614 80.1476286896
X6 BB15 6.77 P -66.369797 -27.3405 2.856 0.32044988970101496 212.03283776131008 32.12031416658334 6.1707549035 85.5563221226
X6 NS18 29.69 P -67.628998 -27.900801 1.376 1.5322490899003947 236.78737278008154 57.45686534100581 28.9581573208 78.1939770777
X6 BB12 19.17 P -67.124496 -27.5131 2.152 0.9508307429827569 241.93786140529522 62.37164218605504 18.0687164799 78.3455038551
X6 NS17 27.99 P -67.624702 -27.707899 1.496 1.434288224451043 243.21574051520153 63.8810820690413 27.1239102564 78.2327133851
X6 BB24 35.78 P -68.097702 -27.832701 3.117 1.8665151417491352 245.4072321840673 66.29206550937553 35.2148068007 78.0243405378
X6 NS16 26.81 P -67.613403 -27.5686 1.608 1.3692965630172427 248.27175644074396 68.93034616010873 25.9068554433 78.2555621856
X6 NS15 26.12 P -67.603302 -27.479601 1.646 1.3313339932385488 251.70958716431957 72.36255506851548 25.1959119183 78.2678388999
X6 NS14 27.58 P -67.694199 -27.443701 1.839 1.3985704353541328 254.11228650404138 74.8064908488756 26.4550596655 78.2455550755
X6 NS13 28.42 P -67.773598 -27.336 2.022 1.443614441375184 258.97658009554965 79.7058174255684 27.298547697 78.2292466823
X6 BB03 53.06 P -69.257004 -27.488001 4.48 2.7680026793939243 260.589586919116 82.00081234796286 50.402876827 47.5349890494
X6 NS12 27.65 P -67.756798 -27.2283 2.017 1.4134491522333992 263.1679554131617 83.88819070197077 26.7336819285 78.2402897758
X6 BB11 13.99 P -66.943604 -27.112499 2.193 0.6825900595915575 266.16958089503373 86.51803460003623 13.036245321 80.152671096
X6 NS11 27.28 P -67.702599 -27.112499 2.17 1.3576144228865143 267.8156736609516 88.509802767551 25.6880816481 78.2594246226
X6 BB02 33.02 P -68.089996 -27.111 3.81 1.7023329533594047 268.1501088392057 89.02066821140016 32.1421962729 78.1147866946
X6 NS10 25.94 P -67.688004 -27.051001 2.485 1.3444118102994738 270.422391805401 91.10915200650406 25.4408300688 78.2636993871
X6 EW18 41.29 P -68.552002 -26.906 4.475 2.121318105344735 273.86677156749346 94.94400080961753 39.9810207574 77.8560617685
X6 EW19 43.38 P -68.666 -26.881001 4.575 2.224828746150921 274.28143347135256 95.4099298136357 41.9163261786 77.7787907149
X6 EW17 39.42 P -68.427002 -26.885 4.38 2.012279195054316 274.7347122146787 95.7548316388804 37.9417627028 77.9319508901
X6 EW16 36.74 P -68.277 -26.851 4.705 1.883116219989344 276.1702913084455 97.12179092902167 35.5254268636 78.0143618859
X6 NS09 25.76 P -67.652603 -26.910101 3.44 1.323161627635832 276.5610696715382 97.23010890298826 25.0428600384 78.2703776327
X6 EW15 34.98 P -68.162903 -26.7444 4.71 1.7991179534287771 279.9431394234184 100.84125405162526 33.9535884689 78.0624479861
X6 BB04 51.43 P -69.021004 -26.540001 3.72 2.5916075380631582 281.1335824638812 102.41564574124381 47.9136795366 47.5463612608
X6 NS08 26.26 P -67.648399 -26.7841 4.19 1.3411772771065014 281.929609046543 102.5953008483311 25.3802548618 78.2647320098
X6 EW14 32.63 P -68.002602 -26.709 4.552 1.666257283002714 282.0625519142495 102.88760608009636 31.4669215408 78.1328242465
X6 EW12 28.69 P -67.773598 -26.685101 3.735 1.4736930169087488 284.7369186829247 105.45808762719071 27.8617670768 78.217747394
X6 EW13 30.9 P -67.877296 -26.6523 3.882 1.5717675392717916 284.9876005753417 105.75522396507904 29.6980375192 78.1769125224
X6 EW11 27.33 P -67.676201 -26.666201 3.755 1.3954462925006075 286.4364715029848 107.11338287449217 26.3965555897 78.2466453512
X6 BB09 35.2 P -68.098801 -26.525101 3.787 1.7983049052657054 287.16908073320724 108.03490725625113 33.9383720111 78.0628818534
X6 NS07 25.06 P -67.550499 -26.6677 3.517 1.2880189102719368 287.8410450817818 108.46115647280935 24.3846925749 78.28087144
X6 BB22 56.16 P -69.237 -26.157 3.455 2.882455421672787 287.75433560334375 109.12475019371652 52.0177232784 47.5266201902
X6 NS06 23.6 P -67.440002 -26.616301 3.111 1.2132176764500238 291.6219621782004 112.19162591516998 22.9837064212 78.3008985433
2B EW03 11.27 P -66.757 -26.858917 3.238 0.5567933445984071 292.0323616700548 112.29469336454551 10.6596374575 81.8572632249
X6 EW09 19.46 P -67.184097 -26.684099 3.898 0.9760904597091247 292.99421869620244 113.44885055768663 18.5419078102 78.3429957989
2B EW01 15.97 P -67.010778 -26.740556 3.72 0.8116402330007231 293.67913244835177 114.0557727799801 15.4612008598 78.3521620621
X6 EW10 21.08 P -67.262001 -26.591999 3.505 1.0781360404599294 296.01185874600634 116.50093565689122 20.4534775716 78.3289397702
X6 NS05 23.83 P -67.403397 -26.512501 3.037 1.2268969265952625 296.69490000849555 117.2470453130614 23.2399186649 78.2974727146
X6 BB10 29.6 P -67.690697 -26.379 3.336 1.516711456884254 296.7173469380341 117.39743531245948 28.6672434078 78.2004615755
2B BB05 41.42 P -68.243278 -26.009306 4.339 2.1295495519884318 299.3760854303686 120.29878635784168 40.1349426255 77.8501070926
2B NS04 23.62 P -67.337139 -26.420028 3.076 1.2213784559210656 301.8325698194954 122.35401487224442 23.1365581329 78.2988675751
X6 BB08 36.71 P -67.917999 -26.016001 3.347 1.878922879220614 303.69224091233895 124.46965640662728 35.446967043 78.0168960345
2B NS03 25.4 P -67.386861 -26.315444 3.135 1.3165721976001608 304.64046107054696 125.18330180291507 24.9194523368 78.2723976479
2B NS02 27.58 P -67.414333 -26.200694 3.341 1.4050902927020672 307.88764848484726 128.44172886488684 26.5771526521 78.2432626334
2B NS01 28.9 P -67.426306 -26.098111 3.347 1.4791243247595225 310.74253448949327 131.3009882573362 27.9634654823 78.2156193086
X6 BB19 21.37 P -67.061501 -26.306299 4.419 1.097327580542105 313.82976068142995 134.22637481103112 20.8129712756 78.3256037243
2B NS20 29.97 P -67.370778 -25.931753 3.59 1.5594163530160614 316.55578038689333 137.08784061181765 29.4667985209 78.1823337964
2B NS21 30.39 P -67.294083 -25.839222 4.095 1.584245313041582 320.6662473418861 141.16327925743562 29.931641922 78.1713549026
2B NS22 31.42 P -67.265917 -25.756694 4.379 1.6341841356339968 323.1746420188722 143.6584273876148 30.8665313288 78.1483044465
2B NS24 34.03 P -67.234444 -25.582833 4.317 1.7619061089063657 327.272737510593 147.74109376464227 33.2571828733 78.0830568671
2B NS25 34.92 P -67.210333 -25.517667 4.214 1.8061807976179753 328.96028589751455 149.41742525219453 34.0857709766 78.0586671481
2B GALAN 27.15 P -66.948139 -25.844667 4.63 1.4048877850429056 330.4555535990475 150.79848939192073 26.5733604423 78.243334185
2B NS26 36.5 P -67.206639 -25.41475 4.035 1.893889471716869 330.63183231950757 151.08651264966286 35.7269971885 78.0078096078
2B BB20 32.9 P -66.786583 -25.438806 4.284 1.7189692562562653 341.3663221496506 161.63535655014397 32.4535845471 78.1062471856
2B BB18 11.05 P -66.362944 -26.542889 2.984 0.5512485799814973 342.5781784569607 162.66137837898404 10.5546337866 81.9272840454
2B EW06 4.84 P -66.127972 -26.849167 2.244 0.2243615125757517 11.580923781673773 191.55803707556612 4.33517152903 89.293082048
2B BB21 29.83 P -65.941444 -25.535861 2.507 1.5477606989419523 7.943088717477946 187.83805749362216 29.248577215 78.1873765953
2B BB17 23.37 P -65.895889 -25.914444 1.623 1.181898051866689 12.418616537986452 192.2925662074895 22.3970786018 78.3083398274
2B EW07 4.88 P -66.044 -26.894972 2.295 0.2112628498978066 34.58281895158983 214.52181526641652 4.08463554165 90.0
2B BB16 10.63 P -65.865694 -26.629639 2.224 0.5204583475849005 32.492753672914375 212.3514952676967 9.97123803881 82.3030710469
2B EW22 9.17 P -65.692889 -26.951917 2.052 0.44815822625681384 74.96987095545809 254.74934858621486 8.59957730719 83.0594686384
