2B EW03 15.15 P -66.757 -26.858917 3.238 0.7944130709189532 186.3601625124861 6.404122198803009 15.120005668 79.6083974687
2B EW02 13.28 P -66.837028 -26.750694 3.213 0.6998081984924261 193.17893256749542 13.258405090554135 13.3445347579 80.9013780268
2B EW01 14.45 P -67.010778 -26.740556 3.72 0.7416528578150925 205.11090919287258 25.26763810678534 14.1308533263 80.2455344048
X6 NS18 38.2 P -67.628998 -27.900801 1.376 2.0253324121700036 205.0626654388633 25.503166685856712 38.1666826679 79.1095282726
X6 NS16 33.04 P -67.613403 -27.5686 1.608 1.7244960873483812 209.40509824877063 29.836034277418122 32.538096364 79.3139999606
X6 NS15 31.62 P -67.603302 -27.479601 1.646 1.643240938120079 210.67821714133208 31.103935875434217 31.0172348956 79.361176951
X6 NS14 32.34 P -67.694199 -27.443701 1.839 1.6565171179365088 213.70999624472205 34.17637629607054 31.2657462241 79.353827714
X6 NS11 27.62 P -67.702599 -27.112499 2.17 1.3999674769392991 221.60322045112085 42.070671284284 26.4625584569 79.4779257703
X6 EW10 14.68 P -67.262001 -26.591999 3.505 0.7521794524303665 225.8598827250663 46.127634366780626 14.3283903648 80.0795239747
X6 NS09 23.56 P -67.652603 -26.910101 3.44 1.224157115402539 226.40738060257766 46.85087242739965 23.1700330119 79.5402662951
X6 NS08 22.62 P -67.648399 -26.7841 4.19 1.138758088768427 230.90841584757231 51.34905444869449 21.5704928065 79.5635639494
X6 BB19 8.92 P -67.061501 -26.306299 4.419 0.4324107193994125 236.69540891358594 56.87332325066781 8.29060377266 85.0599271141
X6 NS05 15.32 P -67.403397 -26.512501 3.037 0.8015563680416558 236.27852854326812 56.608534724751536 15.253825246 79.6083176033
2B NS04 13.6 P -67.337139 -26.420028 3.076 0.7025419215436781 239.91341218358266 60.21357754937716 13.3959537417 80.8579663974
2B NS02 14.08 P -67.414333 -26.200694 3.341 0.6912594762782999 258.8869947510397 79.21999723974493 13.1837073327 81.0373500695
2B NS01 13.83 P -67.426306 -26.098111 3.347 0.6903293348286562 267.4498166031295 87.78747571965401 13.1662054973 81.0521636908
2B NS20 12.87 P -67.370778 -25.931753 3.59 0.6549480085754831 281.97809335199855 102.29040779395305 12.500149251 81.6244437274
2B BB06 31.73 P -68.372254 -25.545861 3.833 1.62934469195106 288.36901175383827 109.11521133443354 30.7571106086 79.3687634052
2B NS21 12.08 P -67.294083 -25.839222 4.095 0.6162211092161927 291.7969116590175 112.07514243505067 11.7698065943 82.2395462916
2B NS22 12.43 P -67.265917 -25.756694 4.379 0.629629946955421 299.6483812716278 119.9138917058221 12.0228461748 82.0294817574
2B GALAN 6.84 P -66.948139 -25.844667 4.63 0.3440965736025928 310.7189174267832 130.84575422848133 6.61361406217 85.9459119364
2B NS24 13.84 P -67.234444 -25.582833 4.317 0.7110985556738871 313.0534126106046 133.30438364106226 13.5568634372 80.7223164207
2B NS25 14.41 P -67.210333 -25.517667 4.214 0.7425800392182141 317.8696245582444 138.10980956301375 14.1482562791 80.230931045
2B NS26 16.04 P -67.206639 -25.41475 4.035 0.8200630036356293 322.8507696385465 143.08890488748872 15.6005206237 79.6079108751
2B BB20 11.93 P -66.786583 -25.438806 4.284 0.6411084937838645 349.5942890068968 169.65000491012654 12.239302867 81.8460032659
2B BB21 16.82 P -65.941444 -25.535861 2.507 0.8374216978377615 50.576831938921714 230.2647722027665 15.9257103929 79.6073017504
2B BB17 14.44 P -65.895889 -25.914444 1.623 0.7026535651220338 77.42488007913065 257.09072784046015 13.3980535521 80.8561942334
2B EW07 19.47 P -66.044 -26.894972 2.295 0.9919171336031679 146.4689302803076 326.19496669867306 18.819896142 79.5925419691
2B EW06 17.95 P -66.127972 -26.849167 2.244 0.9129350123951434 148.7781393596727 328.5418127220021 17.3403298994 79.6021549895
2B BB18 10.82 P -66.362944 -26.542889 2.984 0.5424900729404116 150.8458272184283 330.7149079721469 10.3763842852 83.3818050273
2B EW05 15.18 P -66.295167 -26.785944 2.339 0.78687536769877 155.66669581738833 335.5050475538806 14.9787974231 79.6084518072
X6 BB15 25.0 P -66.369797 -27.3405 2.856 1.2969474720008252 168.6001675950837 348.47048112685184 24.5333082254 79.5167699077
X6 BB13 29.9 P -66.598 -27.6413 0.937 1.5727949814351911 178.0515322031575 358.0242635240614 29.6984913047 79.3985080964
