2B EW02 13.27 P -66.837028 -26.750694 3.213 0.6987383073930536 193.2059435022522 13.285455834232323 13.3194903789 81.2623491961
X6 BB11 20.7 P -66.943604 -27.112499 2.193 1.0727387526836205 193.6959412645698 13.82366899674156 20.3281924031 80.027733731
X6 BB12 31.09 P -67.124496 -27.5131 2.152 1.5013837094335944 195.98816315279674 16.19833126044375 28.3557715965 79.8736985106
X6 NS18 37.18 P -67.628998 -27.900801 1.376 2.0243533798300435 205.07799409367865 25.518542735767852 38.1424367987 79.5338660732
X6 NS17 35.75 P -67.624702 -27.707899 1.496 1.8503465764521843 207.5461674105526 27.9833046117096 34.8873665921 79.6649726875
X6 NS16 33.0 P -67.613403 -27.5686 1.608 1.7235610284533394 209.4255225825737 29.856505672295043 32.5147814183 79.7484558221
X6 NS15 31.5 P -67.603302 -27.479601 1.646 1.6423198037091502 210.70037365858764 31.126139312863614 30.9942011979 79.7979974844
X6 NS14 32.24 P -67.694199 -27.443701 1.839 1.6556309474721964 213.73362915255638 34.20005688935527 31.2433633609 79.7902428427
X6 EW09 15.01 P -67.184097 -26.684099 3.898 0.773538780243299 217.40013728937103 37.63375580515239 14.7233021617 80.0612561899
X6 BB24 41.43 P -68.097702 -27.832701 3.117 2.1797422529585666 215.73602636865044 36.3885351850777 41.0479811964 79.4028067648
X6 NS12 30.06 P -67.756798 -27.2283 2.017 1.5179986006666235 220.05434931531076 40.5471086059876 28.6668458583 79.8653911567
X6 NS10 25.31 P -67.688004 -27.051001 2.485 1.3452125770622672 222.98157365851694 43.442041798567146 25.431480757 79.9434821185
X6 EW10 14.51 P -67.262001 -26.591999 3.505 0.7514574806632561 225.92506224634263 46.19285729729637 14.309418596 80.4061767681
X6 NS09 23.47 P -67.652603 -26.910101 3.44 1.2234431673721744 226.44771790227315 46.89125673314345 23.150968913 79.9871820341
X6 NS08 21.75 P -67.648399 -26.7841 4.19 1.1381140760968287 230.9544687267233 51.39515422183882 21.552750757 80.0120167114
X6 NS06 16.84 P -67.440002 -26.616301 3.111 0.8880370261306337 231.90694779125687 52.25384910972443 16.8682535426 80.0561007062
X6 BB02 30.54 P -68.089996 -27.111 3.81 1.6497221517546459 230.58148576952925 51.22240009342326 31.1327613982 79.7936978056
X6 BB19 8.8 P -67.061501 -26.306299 4.419 0.4318630514231621 236.8248511697277 57.00280698393175 8.27764336901 85.7622305565
X6 NS07 18.95 P -67.550499 -26.6677 3.517 0.9978026361798739 233.0423283686354 53.438624937116984 18.9244836453 80.0421396817
X6 NS05 15.28 P -67.403397 -26.512501 3.037 0.8010011004767651 236.34800974841954 56.67806052298489 15.2377698957 80.0609307311
X6 EW11 21.04 P -67.676201 -26.666201 3.755 1.0892986959195097 236.6254775978349 57.07759692526409 20.638385528 80.0240275785
2B NS04 13.49 P -67.337139 -26.420028 3.076 0.7020495217558164 239.9954094014668 60.29561872455113 13.3817499783 81.2079520504
X6 EW12 22.47 P -67.773598 -26.685101 3.735 1.1730571471823843 238.1596663431518 58.65521247989332 22.2072507884 80.002432647
X6 EW13 23.68 P -67.877296 -26.6523 3.882 1.2375147399872972 241.68980538793966 62.231114402050736 23.4145180478 79.9826238373
X6 EW15 29.04 P -68.162903 -26.7444 4.71 1.5066941331617518 243.10036174033607 63.76959178864871 28.4551974855 79.8710615044
2B NS03 13.61 P -67.386861 -26.315444 3.135 0.6981342789641438 249.30374506616823 69.62534565835426 13.3081322572 81.2722812592
X6 BB10 19.15 P -67.690697 -26.379 3.336 0.9761658280319283 251.35202366464506 71.80825740003347 18.5191706098 80.0455702601
2B NS02 14.08 P -67.414333 -26.200694 3.341 0.6911208745933005 258.9790528222636 79.31209980699268 13.1762347157 81.387804505
2B NS01 13.81 P -67.426306 -26.098111 3.347 0.6903577152728887 267.5426724837215 87.88037613777446 13.1618803828 81.4003973446
X6 BB08 22.31 P -67.917999 -26.016001 3.347 1.1331267414851853 272.48232321231825 93.03542419076777 21.4593341174 80.0133177781
2B BB05 28.09 P -68.243278 -26.009306 4.339 1.4254166201172587 272.1141720704518 92.8100214125544 26.9333720725 79.9095349744
2B NS20 12.88 P -67.370778 -25.931753 3.59 0.6552562805100076 282.07219382382243 102.38455221372774 12.5013886579 81.9917199316
2B BB06 31.72 P -68.372254 -25.545861 3.833 1.6297703413370643 288.40537638023693 109.15162848303589 30.7592910579 79.8052140453
2B NS21 12.05 P -67.294083 -25.839222 4.095 0.6167084225924827 291.89056176409804 112.16883575751032 11.7748432341 82.6395669656
2B NS22 12.41 P -67.265917 -25.756694 4.379 0.6302503259180097 299.73311744015706 119.99867079263717 12.0302048974 82.4116966823
2B GALAN 6.81 P -66.948139 -25.844667 4.63 0.3448847152442242 310.8511513381709 130.97802832502413 6.62661816085 87.057080633
2B NS24 13.75 P -67.234444 -25.582833 4.317 0.7119179662439888 313.11481678147965 133.36583034405092 13.5672577761 81.0472150492
2B NS25 14.38 P -67.210333 -25.517667 4.214 0.7434605718799577 317.9229149032444 138.16314218680674 14.1594246805 80.5367010915
2B NS26 16.04 P -67.206639 -25.41475 4.035 0.8210002050805594 322.89350711833197 143.13168454835267 15.6124242329 80.0603237
2B BB20 11.85 P -66.786583 -25.438806 4.284 0.6422210879958786 349.60547132624157 169.66122572743404 12.2558269672 82.2104883049
2B BB21 16.79 P -65.941444 -25.535861 2.507 0.8380718632027316 50.514454515133934 230.20242590900804 15.9322363747 80.0595655438
2B BB17 14.43 P -65.895889 -25.914444 1.623 0.7028222328439263 77.33459951821268 257.0004782857062 13.3962779431 81.195269863
2B BB16 17.74 P -65.865694 -26.629639 2.224 0.903882012691776 128.38533563136096 308.0335374016866 17.1650814967 80.0546195442
2B EW22 24.15 P -65.692889 -26.951917 2.052 1.2341233618466414 135.7891106858101 315.35816865747836 23.3510006231 79.9837342797
2B EW08 22.29 P -65.788833 -26.936083 2.491 1.1638409602115096 138.23951580866313 317.8515120001813 22.0346291772 80.0050397838
2B EW07 19.32 P -66.044 -26.894972 2.295 0.990943499694808 146.4369432613991 326.16301269037535 18.7959948556 80.043262877
2B EW06 17.25 P -66.127972 -26.849167 2.244 0.9119398928843295 148.74587710775216 328.509584177786 17.3160311579 80.0537964386
2B BB18 10.81 P -66.362944 -26.542889 2.984 0.5414771601144995 150.79534988693004 330.6644661782024 10.3537338472 83.8847573649
2B EW05 15.19 P -66.295167 -26.785944 2.339 0.7858258639523176 155.63823407599176 335.4766209296232 14.9534833606 80.061174911
X6 BB13 29.81 P -66.598 -27.6413 0.937 1.5716760011936985 178.05292405825404 358.02569371188963 29.6717722159 79.8374176955
