2B EW03 15.13 P -66.757 -26.858917 3.238 0.794894702629498 186.27600228124214 6.319408456154434 15.1113197021 80.8865120897
2B EW02 13.32 P -66.837028 -26.750694 3.213 0.7001470953046117 193.07931747150974 13.158237155636783 13.3352877593 81.7352073923
X6 BB11 20.72 P -66.943604 -27.112499 2.193 1.074133611089816 193.61297316343104 13.740103061610057 20.3422167787 80.8447804487
X6 BB12 29.42 P -67.124496 -27.5131 2.152 1.502714529305341 195.92695383000267 16.13651752911835 28.3683804021 80.6698265404
2B EW01 14.47 P -67.010778 -26.740556 3.72 0.7417314043286041 205.01355779889823 25.169733146006365 14.115343502 81.0210512203
X6 NS18 38.24 P -67.628998 -27.900801 1.376 2.0254113394051503 205.02737456863107 25.46730804998404 38.1494606964 80.2941263442
X6 NS17 35.18 P -67.624702 -27.707899 1.496 1.8513256949046673 207.48937281614874 27.925896898956978 34.8930976946 80.4383313462
X6 NS15 31.58 P -67.603302 -27.479601 1.646 1.6431955687012523 210.6345284291364 31.059683601502798 30.9981882237 80.5857393603
X6 NS14 32.32 P -67.694199 -27.443701 1.839 1.6564046913132373 213.66680576903354 34.132622172341826 31.2454303966 80.5771959948
X6 BB24 41.52 P -68.097702 -27.832701 3.117 2.1804471632576643 215.68473598561272 36.336624059776824 41.0482518276 80.1514677324
X6 NS13 31.62 P -67.773598 -27.336 2.022 1.6112358724099907 217.89581895275214 38.39644491432827 30.3999573315 80.6059629387
X6 NS11 27.46 P -67.702599 -27.112499 2.17 1.3996825001982607 221.55312905626542 42.02001940926186 26.4392496363 80.7233973047
X6 NS10 25.32 P -67.688004 -27.051001 2.485 1.3456634325900036 222.89496980980383 43.354830737420315 25.4277079444 80.7486548545
X6 EW10 14.56 P -67.262001 -26.591999 3.505 0.7518038599357323 225.76801606207823 46.03521437999808 14.3040741731 80.8874057844
X6 BB01 37.38 P -68.143997 -27.424 3.455 1.895655135573498 224.03553255986125 44.70365123705446 35.7224340574 80.4033000325
X6 NS09 23.48 P -67.652603 -26.910101 3.44 1.2237695718085184 226.35133049919946 46.79426404424413 23.1449243173 80.7982841275
X6 NS08 22.08 P -67.648399 -26.7841 4.19 1.1382768728291852 230.84983445907335 51.289916021278174 21.5436755014 80.8268376465
X6 NS06 16.86 P -67.440002 -26.616301 3.111 0.8881655947097561 231.77252297776235 52.118824907567614 16.858598617 80.8793438858
X6 BB02 32.78 P -68.089996 -27.111 3.81 1.6498979574754404 230.5095270791788 51.14982815076357 31.1236411413 80.5814178557
X6 BB19 8.92 P -67.061501 -26.306299 4.419 0.43181434962037113 236.547316995746 56.72468174175208 8.27209846488 86.7368970053
X6 NS07 18.96 P -67.550499 -26.6677 3.517 0.9978894411427939 232.9226311679512 53.31832632461905 18.9140263666 80.8621373625
X6 NS05 15.36 P -67.403397 -26.512501 3.037 0.8009675011082215 236.19863594243847 56.52808889378424 15.2250846879 80.8862602853
2B NS04 13.62 P -67.337139 -26.420028 3.076 0.7018829950372433 239.82539894814073 60.12501229859107 13.3678788564 81.705345276
X6 EW13 23.92 P -67.877296 -26.6523 3.882 1.23728513570839 241.59389962641893 62.13460296549128 23.3980540158 80.7932928067
X6 EW14 26.2 P -68.002602 -26.709 4.552 1.3627706156620694 241.6840628924483 62.28100765928859 25.7480585981 80.7408698337
2B NS03 13.62 P -67.386861 -26.315444 3.135 0.697631806265563 249.13720839259116 69.45821341837988 13.2880593862 81.7784425662
X6 BB10 19.2 P -67.690697 -26.379 3.336 0.9755900602766678 251.23424454351624 71.68987793986255 18.4963065333 80.8663847925
2B NS02 14.1 P -67.414333 -26.200694 3.341 0.6902832945131796 258.8201898412077 79.15264207099817 13.1500498065 81.9041752052
2B NS01 13.85 P -67.426306 -26.098111 3.347 0.6892430551334463 267.3957497490178 87.7328595437538 13.130509839 81.921808253
X6 BB08 22.38 P -67.917999 -26.016001 3.347 1.1318623828209842 272.3982921383166 92.95079341671024 21.4235293387 80.8287674869
2B NS20 12.89 P -67.370778 -25.931753 3.59 0.6537314499968917 281.94678980926875 102.25855681031686 12.4627422962 82.5357194664
2B NS21 12.07 P -67.294083 -25.839222 4.095 0.6149603172872642 291.78342613924474 112.06111074156344 11.7329604014 83.2408293809
2B NS22 12.44 P -67.265917 -25.756694 4.379 0.6283603835939583 299.65102786560243 119.9159930625739 11.9853666478 82.9988282919
2B GALAN 6.82 P -66.948139 -25.844667 4.63 0.34285516298536134 310.76398040801257 130.8902726457984 6.58571614329 88.7308839947
2B NS24 13.84 P -67.234444 -25.582833 4.317 0.7098689937578503 313.0795221073876 133.329949739583 13.5177819693 81.5678685641
2B NS25 14.38 P -67.210333 -25.517667 4.214 0.7413814604100528 317.9025390823136 138.14218143762182 14.1087849734 81.027029528
2B NS26 16.02 P -67.206639 -25.41475 4.035 0.8189053687852512 322.88779043634054 143.12538405259005 15.5611238068 80.8853393038
2B BB20 11.88 P -66.786583 -25.438806 4.284 0.6403099156904241 349.6831131000581 169.7382891592629 12.2103424318 82.784263331
2B BB21 16.86 P -65.941444 -25.535861 2.507 0.8378975404631852 50.65789468564912 230.3452981913842 15.9169126001 80.8840783496
2B BB17 14.46 P -65.895889 -25.914444 1.623 0.7036096975172028 77.49350766969268 257.15881519412153 13.4002948032 81.6756291251
2B BB16 17.94 P -65.865694 -26.629639 2.224 0.9058877016732052 128.42462169501823 308.07224512398074 17.1905885547 80.8771975441
2B EW22 24.27 P -65.692889 -26.951917 2.052 1.2361910321007896 135.80584112339162 315.3743196792222 23.377562948 80.7937016605
2B EW07 19.26 P -66.044 -26.894972 2.295 0.9930399022729703 146.43524202217242 326.1607279401127 18.8231835317 80.8630932671
2B EW06 17.29 P -66.127972 -26.849167 2.244 0.9140330058081038 148.7386865582259 328.50180947262726 17.3431746133 80.8761284658
2B BB18 10.86 P -66.362944 -26.542889 2.984 0.5435645266717454 150.7749787878768 330.64351097115303 10.3860784046 84.5515753602
2B EW05 15.22 P -66.295167 -26.785944 2.339 0.7878890478619337 155.6115989549 335.44940007301005 14.9800789213 80.8867645731
X6 BB15 25.02 P -66.369797 -27.3405 2.856 1.2977641715668817 168.55778107753767 348.42753823727816 24.5307060928 80.7693872534
X6 BB13 29.86 P -66.598 -27.6413 0.937 1.5734409065964974 178.0122709692711 357.9844419177782 29.6924571038 80.6290543766
