X6 BB24 37.73 P -68.097702 -27.832701 3.117 1.9624069037084495 241.55476219174804 62.45196283034953 36.9331191239 83.089494785
X6 NS16 28.45 P -67.613403 -27.5686 1.608 1.4604317635856716 242.92250963448907 63.59398427791376 27.5406861805 83.6247932026
X6 NS15 27.59 P -67.603302 -27.479601 1.646 1.414852702219262 245.99094598171288 66.65678756205509 26.6873948653 83.6632739571
X6 BB25 43.19 P -68.542603 -27.619499 4.1 2.24445638617504 251.06414148887092 72.16198196427366 42.190472178 77.0483078159
X6 BB01 35.09 P -68.143997 -27.424 3.455 1.8495514978443672 253.4560237753464 74.36816170702382 34.8224295816 83.2266022806
X6 BB02 32.93 P -68.089996 -27.111 3.81 1.7429525342969023 262.9838154304002 83.86655675722332 32.8282172086 83.3479243214
X6 NS10 26.53 P -67.688004 -27.051001 2.485 1.3807952417765201 263.84847053720796 84.5478875991191 26.0497611165 83.6908436089
X6 EW18 41.97 P -68.552002 -26.906 4.475 2.1450406141912524 269.60008669382916 90.68887781177249 40.3475040495 82.8514367419
X6 NS09 26.03 P -67.652603 -26.910101 3.44 1.3430144140011089 269.714990098972 90.39669213674603 25.3423794035 83.7202161827
X6 EW17 39.99 P -68.427002 -26.885 4.38 2.033933032461694 270.22796667446266 91.25979501665223 38.2705250063 82.9983739859
X6 EW16 36.13 P -68.277 -26.851 4.705 1.9012388716181547 271.3389009693103 92.3022836796071 35.7891925047 83.1648624492
X6 NS08 26.65 P -67.648399 -26.7841 4.19 1.3460453283864624 275.0876842131576 95.76601060713172 25.399129551 83.7179074131
X6 EW14 32.47 P -68.002602 -26.709 4.552 1.6688956912364008 276.54690777875476 97.3841425953554 31.4424694284 83.4256567115
X6 EW12 28.57 P -67.773598 -26.685101 3.735 1.4698723894126122 278.48930551137977 99.22292935933196 27.7174174425 83.6165999423
X6 EW13 30.45 P -67.877296 -26.6523 3.882 1.5667025679447508 279.12885778723654 99.90880021228338 29.5299417955 83.5282769361
X6 EW11 27.09 P -67.676201 -26.666201 3.755 1.3873663488842238 279.8347640745664 100.52424473855368 26.1727898819 83.685604203
X6 NS07 24.85 P -67.550499 -26.6677 3.517 1.276782923142105 280.6870064242682 101.31984164767363 24.1022164409 83.7685541685
2B EW01 15.49 P -67.010778 -26.740556 3.72 0.7899715101071088 282.29526807543505 102.68531315380392 14.9842170433 83.9873986168
X6 EW09 18.93 P -67.184097 -26.684099 3.898 0.9536565052129027 283.5552796958938 104.02308909929093 18.0504329262 83.9423193879
X6 EW10 20.39 P -67.262001 -26.591999 3.505 1.0460673826502245 287.52718894589077 108.02932384026654 19.7813721359 83.9036657636
X6 NS05 23.09 P -67.403397 -26.512501 3.037 1.191519493288677 289.276374795692 109.84138368511252 22.5055301617 83.8246653717
X6 BB10 28.83 P -67.690697 -26.379 3.336 1.4793264621856657 290.74631738187645 111.43888113277859 27.894397662 83.6083193137
2B NS04 22.53 P -67.337139 -26.420028 3.076 1.1719899591653908 294.5203723616112 115.05473822545778 22.1397874389 83.8365192669
2B NS03 24.21 P -67.386861 -26.315444 3.135 1.2589387111311083 297.9752601672343 118.53093320537283 23.768070654 83.7808754562
X6 BB08 35.59 P -67.917999 -26.016001 3.347 1.821171082878778 299.0525912294613 119.84210563474876 34.2915488779 83.2597114
2B NS02 26.77 P -67.414333 -26.200694 3.341 1.3383663926106275 301.7902046707228 122.35705348218838 25.2553504373 83.7237405095
X6 BB19 19.77 P -67.061501 -26.306299 4.419 1.0175619063330807 306.2830196062885 126.6928641038154 19.2474522165 83.9165712215
2B NS19 27.71 P -67.407083 -26.038944 3.404 1.426329339386733 307.4285527972979 127.99057316801549 26.9022562658 83.6537539981
2B NS20 28.36 P -67.370778 -25.931753 3.59 1.4702970940815774 311.50748640651057 132.05229836341755 27.7253679726 83.6162295741
2B EW05 3.79 P -66.295167 -26.785944 2.339 0.18258749678588437 313.3717526261725 133.43890143998914 3.58268231763 100.108704829
2B NS22 29.51 P -67.265917 -25.756694 4.379 1.5296503383667517 318.76504483073865 139.2616658159085 28.8364126388 83.5629840051
2B NS25 32.35 P -67.210333 -25.517667 4.214 1.6891901028045768 325.3605363805552 145.83051799841886 31.8222651195 83.4057932599
2B GALAN 24.84 P -66.948139 -25.844667 4.63 1.2859636391302984 325.8706760701022 146.22686314837242 24.2741289722 83.7620976768
2B BB18 8.27 P -66.362944 -26.542889 2.984 0.41615355738451126 332.26934152043407 152.36669152912563 7.96722189874 89.2592332525
2B BB20 29.91 P -66.786583 -25.438806 4.284 1.5806730072634936 338.5476376103146 158.83001943799962 29.7914228969 83.5149042744
2B EW06 1.66 P -66.127972 -26.849167 2.244 0.06439681338636094 14.864482451369456 194.85611085030737 1.48331933452 122.778687382
2B BB21 26.62 P -65.941444 -25.535861 2.507 1.3877918400107756 7.661972223894489 187.57136160566762 26.1807561761 83.6852636177
2B BB17 20.13 P -65.895889 -25.914444 1.623 1.021915842302127 12.742970032035753 192.63148989857254 19.3290041414 83.9146561472
2B BB16 7.95 P -65.865694 -26.629639 2.224 0.377152561145601 41.72351462398813 221.597039285085 7.23258527555 90.4258271238
2B EW08 6.55 P -65.788833 -26.936083 2.491 0.3198417157636305 94.50522347483755 274.3432753382558 6.15343152253 92.4522375415
2B EW22 8.27 P -65.692889 -26.951917 2.052 0.40642837952240773 95.82261583729222 275.61716752119247 7.78404082757 89.5177396441
2B EW24 14.24 P -65.397556 -27.040778 0.376 0.679865725984194 101.13908792043108 280.7993543032637 12.9215632389 83.9999339512
X6 BB14 13.35 P -65.9785 -27.597099 1.854 0.701762716858592 167.75161776190325 347.67468792850264 13.3317714216 83.99863173
