X6 NS18 21.08 P -67.628998 -27.900801 1.376 1.0940315583651041 233.84100302841526 54.30375944942146 20.6742161215 92.7701380054
X6 BB12 11.52 P -67.124496 -27.5131 2.152 0.5077433491700476 239.8365582318843 60.06423786631322 9.80063179122 100.419126903
X6 NS17 19.34 P -67.624702 -27.707899 1.496 0.9904997432707704 242.8117060131779 63.2709840340831 18.7461334328 93.4949080517
X6 BB24 27.2 P -68.097702 -27.832701 3.117 1.4226064019499143 245.87219985428783 66.55120644950736 26.7988789262 91.2420346612
X6 NS16 18.2 P -67.613403 -27.5686 1.608 0.9266911623414298 250.246624293875 70.69962436536153 17.5585765141 94.0154893952
X6 NS15 17.52 P -67.603302 -27.479601 1.646 0.8925036346461582 255.45617934178847 75.90385618658522 16.9226531891 94.3289706805
X6 NS14 19.1 P -67.694199 -27.443701 1.839 0.963545031435818 258.69507077796067 79.1842412246637 18.2443670218 93.7026582723
X6 BB03 44.8 P -69.257004 -27.488001 4.48 2.3444569249691867 263.787728705129 84.99598121699732 43.2520330519 49.1793934297
X6 NS13 20.14 P -67.773598 -27.336 2.022 1.019586277049279 265.3979839843011 85.92268071575711 19.2876659239 93.2743531917
X6 NS12 20.54 P -67.756798 -27.2283 2.017 1.002684890453476 271.4876535192605 92.00370317922396 18.9729799736 93.400744655
X6 BB02 24.92 P -68.089996 -27.111 3.81 1.3075200864622971 276.15850285787883 96.82576843050981 24.6530718968 91.6682571156
X6 NS11 19.4 P -67.702599 -27.112499 2.17 0.9656825251562164 278.4712107043186 98.96148366763816 18.2841500825 93.6852671685
X6 EW20 37.7 P -68.766998 -26.91 4.455 1.934751602789481 279.8995539539559 100.87284553152523 36.2532967919 79.8195364169
X6 EW18 34.48 P -68.552002 -26.906 4.475 1.7476506654529704 281.20904921888143 102.08436801282129 32.8185796513 79.8218930039
X6 EW19 35.76 P -68.666 -26.881001 4.575 1.852304313381129 281.30536858470407 102.23220502619913 34.7397687125 79.8206864278
X6 NS10 18.3 P -67.688004 -27.051001 2.485 0.9644669845088534 282.2030599328111 102.68615935896358 18.2615263252 93.6951472766
X6 EW16 29.48 P -68.277 -26.851 4.705 1.5228091654611569 285.15896221685915 105.90835268855254 28.6674334093 90.9412026903
X6 BB04 43.98 P -69.021004 -26.540001 3.72 2.2505593073154198 288.08293554258347 109.16504842237521 41.9266753143 49.1841755376
X6 EW15 29.0 P -68.162903 -26.7444 4.71 1.459860969325598 290.2842732991992 110.9804910491 27.4935691423 91.1220417735
X6 NS09 18.78 P -67.652603 -26.910101 3.44 0.9753576264463323 290.71662423285966 111.18244735194926 18.4642331431 93.607536799
X6 EW14 25.84 P -68.002602 -26.709 4.552 1.3414474354021226 293.885045325236 114.50809677812731 25.2856145763 91.5341684365
X6 NS08 19.92 P -67.648399 -26.7841 4.19 1.0243043228986732 297.3796572318048 117.84257019819273 19.3755186104 93.2399200752
X6 EW13 24.56 P -67.877296 -26.6523 3.882 1.2668389093520809 298.32202731099505 118.88766694064304 23.8946824436 91.8470424445
X6 BB09 30.0 P -68.098801 -26.525101 3.787 1.501813028854527 298.9125758518697 119.57718634055523 28.2758876339 90.9984573351
X6 EW12 22.62 P -67.773598 -26.685101 3.735 1.1699602721250622 299.1060368353627 119.6249566124292 22.0889975188 92.3337936882
X6 BB11 6.62 P -66.943604 -27.112499 2.193 0.3153920266010169 297.5747380799653 117.71823348257057 6.31934811839 108.280097504
X6 EW11 21.48 P -67.676201 -26.666201 3.755 1.1052250834756792 302.188350611209 122.66293830206186 20.8827494415 92.7004765786
X6 NS07 19.46 P -67.550499 -26.6677 3.517 1.0115601330830868 305.5501543058096 125.96775435940732 19.1382221527 93.3337738332
2B BB05 36.69 P -68.243278 -26.009306 4.339 1.9084089563807853 310.53569647436643 131.25920831963052 35.7697116359 79.8199228961
X6 NS06 18.48 P -67.440002 -26.616301 3.111 0.9669114415823271 311.4620201710335 131.82919264259604 18.3070230555 93.6753044998
X6 BB10 24.84 P -67.690697 -26.379 3.336 1.2926548518436016 312.6534112212612 133.13220765635518 24.3759412878 91.7317173151
X6 BB08 32.38 P -67.917999 -26.016001 3.347 1.694406736242392 316.888769563382 137.4665013203608 31.8411466663 79.8223975024
X6 NS05 19.44 P -67.403397 -26.512501 3.037 1.01657637799565 317.06153272115944 137.4114983535204 19.2316216077 93.2965110381
2B BB06 44.65 P -68.372254 -25.545861 3.833 2.3174410182518037 317.2679723110604 138.04304958126272 42.8707153621 49.1808265337
X6 EW09 15.02 P -67.184097 -26.684099 3.898 0.7580340888083975 319.180075418908 139.43160450526761 14.4244118208 95.8095776316
X6 EW10 16.8 P -67.262001 -26.591999 3.505 0.8733134253927441 319.63710033308644 139.92351183002398 16.5658143984 94.5154106553
2B NS04 19.94 P -67.337139 -26.420028 3.076 1.0498813688889341 322.87052501386313 143.19001872912872 19.8518316605 93.0593925404
2B NS03 21.96 P -67.386861 -26.315444 3.135 1.1606249389556536 324.20236351069366 144.5436931566238 21.9150291001 92.3846644051
2B NS02 24.37 P -67.414333 -26.200694 3.341 1.2692433863743358 326.3013941973438 146.65440704101198 23.9395051478 91.8360273605
2B EW01 11.98 P -67.010778 -26.740556 3.72 0.619692665744665 326.6714667501859 146.8445524948611 11.8622457672 97.919522974
2B NS21 28.97 P -67.294083 -25.839222 4.095 1.5390609163199078 337.1287320012668 157.42579065672524 28.9705145404 90.9054418014
X6 BB19 20.06 P -67.061501 -26.306299 4.419 1.0276448112846857 337.8619782948681 158.05663674295067 19.4377223402 93.2157592415
2B NS22 30.54 P -67.265917 -25.756694 4.379 1.6064703601347528 339.0946877066515 159.3787484021 30.2268390662 79.8230680015
2B NS23 32.86 P -67.226417 -25.662889 4.418 1.6830293108456313 341.35462813997646 161.6206228683995 31.6322837678 79.8224956951
2B NS24 33.79 P -67.234444 -25.582833 4.317 1.7613800368907917 341.95233636108526 162.22153248335587 33.0706182705 79.8217509236
2B EW03 8.26 P -66.757 -26.858917 3.238 0.4157285734080396 344.124153082623 164.1821425876645 8.12096225618 103.376226381
2B GALAN 27.66 P -66.948139 -25.844667 4.63 1.4426107355959459 348.5338622904213 168.67629581413888 27.1718983191 91.1764472603
2B BB18 14.81 P -66.362944 -26.542889 2.984 0.7543943073050821 18.42926442928337 198.30864780530527 14.3568709573 95.8556075577
2B BB21 35.17 P -65.941444 -25.535861 2.507 1.8298899278788059 19.836736450191 199.5307823659534 34.3282951823 79.8209687413
2B BB17 29.25 P -65.895889 -25.914444 1.623 1.495926493246484 26.177113715676715 205.84874825520552 28.1661140665 91.015050017
2B EW05 10.76 P -66.295167 -26.785944 2.339 0.5588858859304139 32.28074639560901 212.12883297091807 10.7407422473 99.1725521836
2B EW06 11.93 P -66.127972 -26.849167 2.244 0.606094984584432 47.5878644386127 227.3597403976989 11.6111049597 98.1749356463
2B BB16 18.4 P -65.865694 -26.629639 2.224 0.9271125851611808 47.43383002787944 227.08771118954004 17.5664169942 94.0117689173
2B EW07 12.76 P -66.044 -26.894972 2.295 0.6357729689515143 55.22055698330741 234.9540309582561 12.1594532157 97.6328101482
2B EW08 15.82 P -65.788833 -26.936083 2.491 0.8150406996691458 66.86307967327436 246.48013286912467 15.482750469 95.1172231855
2B EW22 17.32 P -65.692889 -26.951917 2.052 0.8884614633304753 70.00394785093691 249.57718071620786 16.8474822262 94.3675999728
X6 BB15 5.08 P -66.369797 -27.3405 2.856 0.2448177473403998 109.54268020772656 289.4235572021411 5.08921232796 113.673819426
X6 BB13 7.68 P -66.598 -27.6413 0.937 0.38347580902438055 175.82364585858468 355.8091135245561 7.53735846942 104.707683698
