X6 EW13 13.62 P -67.877296 -26.6523 3.882 0.681721331919397 185.36444392819334 5.396054330820789 12.9423877662 89.1115810598
X6 BB02 21.44 P -68.089996 -27.111 3.81 1.165448816307431 192.52878495835225 12.655703632272491 22.0022430335 88.0960735321
X6 EW15 16.38 P -68.162903 -26.7444 4.71 0.8345267926400429 202.45428227639624 22.61275526772863 15.8047152258 88.8237421226
X6 BB09 12.14 P -68.098801 -26.525101 3.787 0.6108528000338216 205.39797909628498 25.527486567531128 11.6148148746 89.2176726566
X6 EW16 18.34 P -68.277 -26.851 4.705 0.9735562127715082 205.573047426246 25.78257440803816 18.4087174051 88.5274196308
X6 EW17 20.9 P -68.427002 -26.885 4.38 1.0676746973131181 211.25214701828338 31.528567824962636 20.171349053 88.3179597832
X6 EW18 22.96 P -68.552002 -26.906 4.475 1.146991102725375 215.45242368696407 35.784607388661016 21.6566253656 88.1382121662
X6 EW19 23.58 P -68.666 -26.881001 4.575 1.1901700729119733 220.13128852984727 40.51406565560944 22.4651315051 88.0394842996
X6 BB08 2.74 P -67.917999 -26.016001 3.347 0.10925223195991277 247.12877206707768 67.17786619808089 2.31886426012 114.364076894
X6 BB04 23.06 P -69.021004 -26.540001 3.72 1.2280668994994708 242.2660700929232 62.8036107456641 23.174693501 87.9524376914
2B BB05 8.59 P -68.243278 -26.009306 4.339 0.3946839405710725 264.71109230174375 84.90273056390444 7.5652460358 91.5467763796
X6 BB23 31.12 P -69.426003 -25.367001 2.81 1.581089096125106 292.20715825846685 112.9089841658334 29.782462924 87.1310840087
2B BB06 13.22 P -68.372254 -25.545861 3.833 0.6656106526424128 309.862444512711 130.1085468344296 12.6405913757 89.1377921603
2B NS26 14.89 P -67.206639 -25.41475 4.035 0.777161377281106 44.15292322735255 223.89306093316935 14.7301865262 88.9383547241
2B NS25 13.8 P -67.210333 -25.517667 4.214 0.7040687074722322 49.773215637244114 229.51447404969275 13.3610105768 89.0735511625
2B NS24 12.7 P -67.234444 -25.582833 4.317 0.6461905582004083 52.917688339927004 232.66912810570247 12.2767980033 89.1678715841
2B BB20 20.52 P -66.786583 -25.438806 4.284 1.062843641080243 60.0130460651863 239.5708591092789 20.0808783804 88.3288261785
2B NS22 10.63 P -67.265917 -25.756694 4.379 0.532168432854489 66.06666488442451 245.83105559096708 10.1407942795 89.2985820496
2B BB21 34.04 P -65.941444 -25.535861 2.507 1.7354120313626762 75.7971203069244 254.9868765744531 32.6695779262 86.7649379106
2B NS21 9.53 P -67.294083 -25.839222 4.095 0.4796632348384874 73.84498780322758 253.621334848381 9.15718553832 89.3217096429
2B GALAN 15.46 P -66.948139 -25.844667 4.63 0.7823164182289823 80.70279648560708 260.3279585915623 14.8267488163 88.928313469
2B NS20 7.74 P -67.370778 -25.931753 3.59 0.39354888411398603 83.99396022650281 263.80350005081004 7.54398925741 91.58624545
2B BB18 27.3 P -66.362944 -26.542889 2.984 1.413807004053762 114.0633810859111 293.424918886402 26.6518249976 87.5221351561
2B NS01 7.22 P -67.426306 -26.098111 3.347 0.36316743022152465 110.13671333262005 289.9700585153882 6.97518996824 92.658324209
X6 BB19 14.78 P -67.061501 -26.306299 4.419 0.7465755245501353 116.62897398754012 296.30097479834586 14.1572575368 88.99668117
2B NS02 8.48 P -67.414333 -26.200694 3.341 0.41870069284260386 122.93454620944141 302.7623207934206 8.01509874046 90.7357255851
2B NS03 10.04 P -67.386861 -26.315444 3.135 0.5083573116146726 132.35113468945667 312.1664513415362 9.69472810179 89.3126677057
2B EW01 19.84 P -67.010778 -26.740556 3.72 1.046876443506528 137.28284551109533 316.92978940080275 19.7818588986 88.3646628264
2B NS04 11.79 P -67.337139 -26.420028 3.076 0.6134256710565023 136.8046838062465 316.5977060696549 11.6630128044 89.214285581
X6 EW09 17.26 P -67.184097 -26.684099 3.898 0.9030477402597137 142.0244921944766 321.74866302053965 17.0881418814 88.6802538235
X6 EW10 14.96 P -67.262001 -26.591999 3.505 0.7876121521196052 141.8571348264398 321.6162522724421 14.9259461825 88.9179400061
X6 BB11 26.34 P -66.943604 -27.112499 2.193 1.3756038982993979 146.07860998042293 325.6932125126755 25.9367307319 87.6110153944
X6 NS05 12.45 P -67.403397 -26.512501 3.037 0.6487063093928781 146.2654708785078 326.08745161203916 12.3239253083 89.1640750283
X6 NS06 13.74 P -67.440002 -26.616301 3.111 0.7216262782708929 153.0361321987069 332.87400120646794 13.6899050057 89.0424608849
X6 NS07 14.02 P -67.550499 -26.6677 3.517 0.7309169531125151 161.7980193009802 341.68473563728276 13.8639398857 89.0256206618
X6 BB10 8.06 P -67.690697 -26.379 3.336 0.41841211566136016 165.70876652181968 345.657908230944 8.00969283005 90.7458685455
X6 NS08 15.66 P -67.648399 -26.7841 4.19 0.8227212088912043 170.15410698387853 350.08408860460065 15.583584797 88.8478049884
X6 EW11 13.86 P -67.676201 -26.666201 3.755 0.7023201422906253 170.49444705258506 350.4369015969834 13.3282556951 89.0765916145
X6 NS09 17.84 P -67.652603 -26.910101 3.44 0.9465350427063733 171.69130115729342 351.6229990542356 17.9026394512 88.5864936807
X6 NS16 32.02 P -67.613403 -27.5686 1.608 1.6042576577934455 173.8905300098154 353.8037769343887 30.2159689529 87.0762750355
X6 NS10 20.54 P -67.688004 -27.051001 2.485 1.0825789468081002 174.4297796683945 354.37711136523956 20.4504561968 88.2843706911
X6 NS14 28.66 P -67.694199 -27.443701 1.839 1.4735063205638643 176.13909551912602 356.0888482868277 27.7691713512 87.3806181222
X6 EW12 13.82 P -67.773598 -26.685101 3.735 0.7121108735667271 177.6709504171033 357.6565850828339 13.5116595531 89.0594343892
X6 NS12 24.5 P -67.756798 -27.2283 2.017 1.2554885417671173 178.0034212115356 357.98139479373685 23.6880997449 87.8892558563
