X6 EW13 9.61 P -67.877296 -26.6523 3.882 0.46528129716377475 177.1071914931548 357.095501300601 8.90986609829 85.5333685204
X6 BB24 31.57 P -68.097702 -27.832701 3.117 1.6541529836625797 185.9579327617563 6.046107116204325 31.2127327541 80.0294280748
X6 BB01 23.41 P -68.143997 -27.424 3.455 1.2548692129459127 189.79235888876406 9.900790661942949 23.736635889 80.221045424
X6 BB02 17.25 P -68.089996 -27.111 3.81 0.9382983183428236 190.18710784630193 10.270728424794044 17.8069148414 80.2980346401
X6 EW14 10.65 P -68.002602 -26.709 4.552 0.5288716824592555 189.6294699196514 9.67357871370757 10.1135436742 84.3617952917
X6 EW16 13.71 P -68.277 -26.851 4.705 0.7427841622370925 206.65072164801882 26.817461615072602 14.1439772984 80.7190608892
X6 EW17 16.93 P -68.427002 -26.885 4.38 0.8400224996293355 213.76451890979297 33.998375993661824 15.9658909425 80.3073269719
X6 EW18 18.33 P -68.552002 -26.906 4.475 0.9233360089890685 218.77508601924157 39.064897551719554 17.5266260794 80.2999126436
X6 EW19 19.17 P -68.666 -26.881001 4.575 0.9726584648807174 224.3610608796273 44.70167468421491 18.4505765231 80.2931025566
X6 EW20 20.75 P -68.766998 -26.91 4.455 1.0575453751819093 226.7235084773754 47.109440211427795 20.040697827 80.2772724383
X6 BB04 20.05 P -69.021004 -26.540001 3.72 1.0614108335740113 250.36245300292984 70.85868654233863 20.1131045863 80.2764296159
X6 BB22 22.69 P -69.237 -26.157 3.455 1.1971027699938876 271.1712553061656 91.75941595506981 22.6547182267 80.2402578909
2B BB05 8.03 P -68.243278 -26.009306 4.339 0.35335892053841905 300.2305537516627 120.37999738140485 6.78676615489 87.5797749701
2B BB06 15.35 P -68.372254 -25.545861 3.833 0.7679180119497115 326.58655636072746 146.79103814117838 14.615117927 80.3094525245
X6 BB08 3.61 P -67.917999 -26.016001 3.347 0.17210153999120373 355.6786674909619 175.68501622912714 3.34436411307 94.7260205479
X6 BB07 13.83 P -67.618103 -25.516001 3.399 0.7190683312552231 20.994685648554594 200.87020728014323 13.6989263047 81.113374953
2B NS26 19.1 P -67.206639 -25.41475 4.035 0.9954922571186242 39.223797156798454 218.920448671489 18.8783116757 80.2893515665
2B NS25 17.66 P -67.210333 -25.517667 4.214 0.9154325357979074 43.1113903239833 222.80909100956046 17.3785697838 80.3008381612
2B NS24 16.53 P -67.234444 -25.582833 4.317 0.8533157952920367 45.014102437740085 224.72197592847584 16.2149201452 80.3064940811
2B NS22 14.02 P -67.265917 -25.756694 4.379 0.7171530103709854 53.20745506420577 232.92820109249243 13.6629623819 81.1451236136
2B BB20 24.06 P -66.786583 -25.438806 4.284 1.2537049709568473 53.56962049522127 233.0832187356104 23.714831221 80.2214547145
2B NS21 12.74 P -67.294083 -25.839222 4.095 0.6491484789518431 57.67538462314766 237.40807199355186 12.3840413958 82.2969148475
2B NS20 10.6 P -67.370778 -25.931753 3.59 0.5427214384292618 61.98941322272586 241.75535237772468 10.3755461771 84.1292752336
2B GALAN 18.28 P -66.948139 -25.844667 4.63 0.9245692776223081 68.43737173796967 248.0182871804276 17.5497289457 80.2997640718
2B NS19 9.21 P -67.407083 -26.038944 3.404 0.4699432406698516 71.66661981230185 251.44809155998593 8.99819254221 85.448607345
2B BB21 36.66 P -65.941444 -25.535861 2.507 1.882038586679757 70.16897351503606 249.31301112597077 35.477305133 79.8764134663
2B BB17 36.12 P -65.895889 -25.914444 1.623 1.8242541936875323 81.8298133674245 260.94802228082665 34.3961536574 79.9183350387
2B NS02 9.21 P -67.414333 -26.200694 3.341 0.43918769007785946 91.81461693251948 271.5986601074494 8.41531026427 86.0099140351
X6 BB19 15.01 P -67.061501 -26.306299 4.419 0.7645147043870965 99.11687092024899 278.74446829306993 14.551353582 80.358475179
2B NS03 9.49 P -67.386861 -26.315444 3.135 0.4807221003447574 105.53533515937272 285.3067872998831 9.20227442564 85.2336213166
2B BB18 27.6 P -66.362944 -26.542889 2.984 1.425346103167108 104.77457770923411 284.09036228908417 26.9291198718 80.1515238208
2B EW05 29.75 P -66.295167 -26.785944 2.339 1.5589511851895983 112.92641448105188 292.2090336722343 29.4306005524 80.084115343
2B EW06 32.71 P -66.127972 -26.849167 2.244 1.7209914717923842 113.00095748432915 292.20811596961096 32.4637133459 79.9872066665
2B NS04 10.89 P -67.337139 -26.420028 3.076 0.5584405452509051 114.71916637262183 294.4681615349416 10.6727775797 83.8684257036
2B EW01 19.04 P -67.010778 -26.740556 3.72 0.9718623636754531 124.87515766537106 304.4772861028248 18.4356634317 80.2932265408
X6 EW10 13.57 P -67.262001 -26.591999 3.505 0.7027208569978607 125.2736990051679 304.9885333783341 13.3918441712 81.3808120647
X6 NS05 10.81 P -67.403397 -26.512501 3.037 0.5535673997701986 126.04782482470333 305.8258193307548 10.580629118 83.9444284838
X6 EW09 15.83 P -67.184097 -26.684099 3.898 0.813348575760198 127.77946408073899 307.45915190137777 15.4661948109 80.3085895074
X6 BB10 5.17 P -67.690697 -26.379 3.336 0.27029192880331493 135.12527813336737 315.03101606810094 5.20887250741 88.9617960901
X6 NS07 11.23 P -67.550499 -26.6677 3.517 0.5748451427591732 146.71046793953195 326.55332618208575 10.9826568006 83.5832195403
X6 EW11 10.53 P -67.676201 -26.666201 3.755 0.5200976692819261 157.0038052785473 336.90261284731844 9.9476884275 84.5348841953
X6 NS08 12.45 P -67.648399 -26.7841 4.19 0.638714345642401 159.10544159616285 338.99163998015104 12.1874931434 82.4767057615
X6 NS09 14.73 P -67.652603 -26.910101 3.44 0.7565630612277396 162.79406696966186 342.6818926367284 14.402332487 80.4902317465
X6 NS10 16.83 P -67.688004 -27.051001 2.485 0.8846328382099863 167.4654862485351 347.3688972813721 16.8015932759 80.3040033218
X6 EW12 10.17 P -67.773598 -26.685101 3.735 0.5109182296258288 166.8621497911259 346.80428568563104 9.77398177692 84.6967181386
