X6 NS09 5.87 P -67.652603 -26.910101 3.44 0.2805627021501755 179.54928550233 359.5481707407246 5.64234897995 108.624751692
X6 NS14 15.89 P -67.694199 -27.443701 1.839 0.8148993327806873 182.44188671131351 2.4596700003723697 15.4649288892 94.0353353178
X6 NS10 7.99 P -67.688004 -27.051001 2.485 0.4224767252350469 183.98011632217478 3.994982671416949 8.20256906154 101.536256912
X6 NS11 10.19 P -67.702599 -27.112499 2.17 0.4848087517066432 185.00542303633722 5.026901942164841 9.3461133878 99.6214758256
X6 NS13 14.07 P -67.773598 -27.336 2.022 0.7143044219903993 188.47619503412847 8.529971272646833 13.5939873411 95.2354153059
X6 BB24 23.59 P -68.097702 -27.832701 3.117 1.265884754112008 198.01270415012704 18.215252445559514 23.8728523297 90.7606971861
X6 EW11 2.71 P -67.676201 -26.666201 3.755 0.041230377920509494 207.2468205602974 27.25629435416198 2.10343541471 158.022977386
X6 BB01 18.33 P -68.143997 -27.424 3.455 0.9059983635466732 208.62120058215785 28.84337511191032 17.1614606689 93.1568696146
X6 BB02 12.69 P -68.089996 -27.111 3.81 0.6183113181567695 218.7642308574445 38.96080408495274 11.8125581333 96.7218258789
X6 EW16 12.31 P -68.277 -26.851 4.705 0.5979308126210152 248.12216361877097 68.40199817307912 11.4348121061 97.0632167134
X6 EW17 15.21 P -68.427002 -26.885 4.38 0.7350805700242703 249.4910673739139 69.83860172067479 13.9801197172 94.962093758
X6 EW18 17.25 P -68.552002 -26.906 4.475 0.8471814602891726 250.75284540715904 71.1568056882081 16.0659188388 93.7033977196
X6 EW20 20.59 P -68.766998 -26.91 4.455 1.031597529044895 253.97499963004032 74.47582975811513 19.5025776884 92.1690171287
X6 EW19 19.01 P -68.666 -26.881001 4.575 0.9370549992422545 254.20709509159917 74.66220311065847 17.7401620895 92.89245084
X6 EW15 9.93 P -68.162903 -26.7444 4.71 0.4680385554459536 255.68105639074986 75.90912996605937 9.03775678746 100.089521486
X6 BB04 24.23 P -69.021004 -26.540001 3.72 1.2247828141689956 273.8868638195022 94.49816835255882 23.1059909254 90.9806472766
X6 BB09 9.01 P -68.098801 -26.525101 3.787 0.41034993469685604 284.64633864225607 104.84486348372967 7.98104531285 101.973331777
2B NS26 23.96 P -67.206639 -25.41475 4.035 1.2798877503108392 18.450745744831103 198.2539953678174 24.1341230667 90.6874589467
2B NS25 22.24 P -67.210333 -25.517667 4.214 1.1814632157306313 19.86079375514427 199.66530701407663 22.2978070623 91.221182242
2B NS24 21.0 P -67.234444 -25.582833 4.317 1.112778663138334 19.935553612722867 199.7504510390979 21.016561082 91.6270584924
2B NS20 14.37 P -67.370778 -25.931753 3.59 0.7428970336128627 20.1310275424957 200.00514594397194 14.1255056839 94.8757271973
2B NS19 11.85 P -67.407083 -26.038944 3.404 0.6310387807443505 20.67767350195638 200.56765960007525 12.0485227965 96.5100254003
2B NS01 10.86 P -67.426306 -26.098111 3.347 0.5695960378227635 21.142806613592516 201.04121471646695 10.9104632115 97.619681558
2B NS23 19.41 P -67.226417 -25.662889 4.418 1.040427964989664 21.800773981793522 201.61187132566894 19.6672357487 92.1066955168
2B NS22 17.9 P -67.265917 -25.756694 4.379 0.9401105544280838 21.89081436447378 201.71903391727986 17.7971057574 92.8671860929
2B NS21 16.35 P -67.294083 -25.839222 4.095 0.8540864305988584 22.359792800856276 202.20021282092017 16.1945169372 93.6398417642
2B NS02 9.61 P -67.414333 -26.200694 3.341 0.4800022092683377 26.745030718688323 206.63792924234727 9.25770022298 99.7537465336
2B NS03 8.08 P -67.386861 -26.315444 3.135 0.39535498785831863 37.4534374460636 217.33387422504177 7.70766079933 102.548795308
2B GALAN 19.76 P -66.948139 -25.844667 4.63 1.0090160897756228 39.09159324599861 218.77905428216872 19.0815378162 92.3310456531
2B NS04 7.43 P -67.337139 -26.420028 3.076 0.35330295408637363 53.69884094051109 233.55685364195185 6.94440511962 104.37075399
X6 NS05 5.59 P -67.403397 -26.512501 3.037 0.25371065520555813 62.58295538978423 242.4703765552158 5.1704539788 110.702403561
X6 EW10 7.39 P -67.262001 -26.591999 3.505 0.35343835711370497 83.98965916192019 263.81358871940154 6.94685266297 104.364257494
X6 NS06 4.57 P -67.440002 -26.616301 3.111 0.19272827761100428 86.10721277324842 266.0108335127532 4.12867313822 117.070759211
2B EW05 23.83 P -66.295167 -26.785944 2.339 1.2248425407555936 97.64120778792876 277.0299862410982 23.1071052441 90.9803220098
2B EW06 26.69 P -66.127972 -26.849167 2.244 1.3813617335362582 99.49112626962943 278.803997856909 26.0275366352 90.1768262788
X6 EW09 8.85 P -67.184097 -26.684099 3.898 0.42444033553357835 97.4900819684645 277.27877742032257 8.23847413228 101.467892312
2B EW08 32.67 P -65.788833 -26.936083 2.491 1.6939832278205145 100.84491288873207 280.0039023307564 31.8605970965 88.8524356088
2B EW02 14.59 P -66.837028 -26.750694 3.213 0.7408566090164503 99.594980488596 279.22753591477647 14.0875727466 94.9017344279
2B EW07 28.56 P -66.044 -26.894972 2.295 1.4627743135696536 100.81639143981819 280.09089987725406 27.5466685247 89.8019929512
2B EW01 12.12 P -67.010778 -26.740556 3.72 0.5862793418849833 101.05910159491155 280.76975297816546 11.2191202767 97.2865173028
2B EW03 16.25 P -66.757 -26.858917 3.238 0.834157737473497 106.16204964961902 285.75789946970804 15.8234291959 93.834295037
X6 BB15 25.99 P -66.369797 -27.3405 2.856 1.348047078054788 122.11957275432684 301.5363361056203 25.4059019268 90.3416014581
X6 NS07 3.23 P -67.550499 -26.6677 3.517 0.10095686307751689 112.22796903657145 292.1810634866583 2.72938519339 135.08614614
X6 BB14 34.63 P -65.9785 -27.597099 1.854 1.7785074602996502 123.33720167002903 302.57302762836684 33.4190837291 79.6767166107
X6 BB11 15.87 P -66.943604 -27.112499 2.193 0.7975101151607967 127.43038572002831 307.1088049747166 15.1413057703 94.2250341425
X6 BB13 26.47 P -66.598 -27.6413 0.937 1.38150790399274 137.3232618109392 316.84110398486996 26.0302641188 90.17610122
X6 BB12 19.65 P -67.124496 -27.5131 2.152 1.001932328290387 151.98610824811192 331.744632205553 18.9494692552 92.3834556945
X6 NS15 16.37 P -67.603302 -27.479601 1.646 0.85130364568795 176.90683624669498 356.88328585474756 16.1426779175 93.6627724014
X6 NS16 18.39 P -67.613403 -27.5686 1.608 0.9397855533384761 177.74701302462913 357.72802815242187 17.7910489428 92.8698673627
X6 NS17 21.85 P -67.624702 -27.707899 1.496 1.0786905581385315 178.5713299803509 358.5574593095424 20.3807819741 91.8481158247
X6 NS18 24.11 P -67.628998 -27.900801 1.376 1.2714653423279598 178.9612309336872 358.9492827066191 23.9769755753 90.7314107995
X6 NS08 3.89 P -67.648399 -26.7841 4.19 0.1546681238524407 177.7907124233201 357.7877107084121 3.51268737469 122.841005187
