X6 BB01 12.01 P -68.143997 -27.424 3.455 0.6249764585022358 176.37203518531103 356.3517305872683 11.9026841039 94.4693313783
X6 BB03 25.05 P -69.257004 -27.488001 4.48 1.1734165902151503 233.87814074135346 54.36562212930062 22.1433500597 90.184771858
X6 EW16 2.65 P -68.277 -26.851 4.705 0.09382096113316596 237.2574532928322 57.297368749565436 2.39652782291 131.444802438
X6 EW18 7.47 P -68.552002 -26.906 4.475 0.34105789537885123 251.86068611691766 72.02485978868764 6.64412985178 101.615744323
X6 EW20 10.83 P -68.766998 -26.91 4.455 0.5275968931138666 257.86685790857337 78.1281657871524 10.0906294538 96.0967353451
X6 EW19 9.31 P -68.666 -26.881001 4.575 0.43359151417135927 259.1634302069764 79.3790049757798 8.34764290166 98.3234745476
X6 BB04 15.85 P -69.021004 -26.540001 3.72 0.7881044217075448 289.097543850964 109.47119985816296 14.9454580796 92.6985568122
X6 BB23 35.39 P -69.426003 -25.367001 2.81 1.813680458582287 321.934740944129 142.47888732405193 34.1048965599 87.7622238559
2B BB06 24.21 P -68.372254 -25.545861 3.833 1.2652091335013917 352.4718885958593 172.5529224221184 23.8586825786 89.7567617132
2B BB05 15.84 P -68.243278 -26.009306 4.339 0.7924943906264645 356.4415997579463 176.46593843527197 15.0274094424 92.6608010856
2B NS26 31.05 P -67.206639 -25.41475 4.035 1.6422772012954325 32.68922461785542 212.25708771744164 30.9037504839 88.3232658867
2B NS25 29.68 P -67.210333 -25.517667 4.214 1.5543384491539813 34.61067694434319 214.179381529694 29.2610150672 88.6275831935
2B NS24 28.32 P -67.234444 -25.582833 4.317 1.4883252778730802 35.327561487510025 214.90641264047895 28.0277176545 88.8654136558
2B NS23 27.25 P -67.226417 -25.662889 4.418 1.4277501662647671 37.40475087004506 216.97945868403502 26.8959263301 89.0921706114
2B NS22 25.44 P -67.265917 -25.756694 4.379 1.331704484256436 38.61006055403747 218.2015549863117 25.1012576577 89.4726747365
2B NS21 23.68 P -67.294083 -25.839222 4.095 1.251558204836361 40.03490698807179 219.63829758893877 23.6035881007 89.8183875113
2B NS20 21.41 P -67.370778 -25.931753 3.59 1.1363006476041027 40.33377195540142 219.97058087525232 21.4497699469 90.3757811045
2B NS19 19.62 P -67.407083 -26.038944 3.404 1.0341244232610125 42.764850554878365 222.41713124451567 19.5405324766 90.9415685384
2B NS01 18.72 P -67.426306 -26.098111 3.347 0.9791757607835089 44.354722057491294 224.015205053163 18.5139032647 91.2788531279
2B NS02 17.8 P -67.414333 -26.200694 3.341 0.9162790668084071 49.30137996998184 228.95591119125672 17.3389532685 91.6998878416
2B GALAN 28.45 P -66.948139 -25.844667 4.63 1.4660262647551274 49.59659583410317 229.04653291106942 27.6110900554 88.9478609852
2B NS03 16.65 P -67.386861 -26.315444 3.135 0.8656156812727855 56.11659178962284 235.75814763826398 16.3927128651 92.0701856092
X6 EW10 16.35 P -67.262001 -26.591999 3.505 0.853579686715038 76.08500478206709 255.66873653690024 16.1679457316 92.1626436047
2B BB18 32.4 P -66.362944 -26.542889 2.984 1.6515155860967796 81.4443230994371 260.62479512286507 31.0763138328 88.2920224826
2B BB16 41.17 P -65.865694 -26.629639 2.224 2.0818757467307067 85.82128356936578 264.77692311331003 39.0511529167 79.2228895322
2B EW01 20.84 P -67.010778 -26.740556 3.72 1.0532276426986489 87.01447386752429 266.4839707756291 19.897471179 90.8302015382
2B EW05 32.82 P -66.295167 -26.785944 2.339 1.690154599500185 89.94072603337413 269.08718339636965 31.798019499 88.1626983119
2B EW06 35.49 P -66.127972 -26.849167 2.244 1.8394709869542716 91.98760647768789 271.0576646238246 34.58646687 87.6808014551
2B EW03 24.86 P -66.757 -26.858917 3.238 1.2787856678396339 92.95092758234814 272.3047869502147 24.1123856793 89.6968819081
2B EW08 41.33 P -65.788833 -26.936083 2.491 2.144934621868408 94.17167669599013 273.08702306686484 40.2087542752 79.2219614518
2B EW22 43.12 P -65.692889 -26.951917 2.052 2.231216502231368 94.4603272051472 273.3319891001804 41.7926650665 79.2205357363
X6 BB11 22.35 P -66.943604 -27.112499 2.193 1.152763622071095 105.99582039355032 285.4314514411443 21.7574095836 90.2904980321
X6 BB15 32.75 P -66.369797 -27.3405 2.856 1.7072056270314604 108.85947728063125 288.03172609997404 32.1164850985 88.1062895525
X6 BB14 40.55 P -65.9785 -27.597099 1.854 2.120988679302269 112.568397164527 291.55810928492065 39.7691677958 79.2223252309
X6 BB13 31.29 P -66.598 -27.6413 0.937 1.6455205799119 121.09816752549371 300.37056056851765 30.9643337131 88.3122824086
X6 NS10 10.03 P -67.688004 -27.051001 2.485 0.5118870576352719 119.43999461421467 299.21332879011817 9.79881343099 96.4164089357
X6 NS12 11.67 P -67.756798 -27.2283 2.017 0.5754553996621891 138.1528512256608 317.9567418653742 10.9806191859 95.2339905433
X6 NS15 16.81 P -67.603302 -27.479601 1.646 0.8559842746385631 142.65696908173706 322.389992675386 16.2128494218 92.1440284064
X6 NS14 15.67 P -67.694199 -27.443701 1.839 0.779470988641163 145.7467317233838 325.52135908316194 14.7842965694 92.7736080712
X6 NS16 18.23 P -67.613403 -27.5686 1.608 0.9230682534877354 146.4716153252659 326.2088480898878 17.4657685464 91.6524698969
X6 NS13 13.05 P -67.773598 -27.336 2.022 0.6507853139371943 145.49896502406767 325.310138462178 12.383626592 94.1209037102
X6 NS18 22.99 P -67.628998 -27.900801 1.376 1.2075329095095044 155.8238042640282 335.5667140039116 22.7808840227 90.0
X6 BB02 6.25 P -68.089996 -27.111 3.81 0.3228964118100077 164.23549260154857 344.1908178466705 6.31221918696 102.463512316
X6 BB24 19.47 P -68.097702 -27.832701 3.117 1.0355683751119154 175.55034695073203 355.5086546216862 19.5675119468 90.9330501769
