X6 EW13 6.54 P -67.877296 -26.6523 3.882 0.2939648371326061 178.13069942309292 358.1259112467543 5.83535291187 106.097578147
X6 BB24 28.5 P -68.097702 -27.832701 3.117 1.4859785892751327 187.16884432448975 7.264355256238986 27.9809286527 89.3321537825
X6 BB02 14.18 P -68.089996 -27.111 3.81 0.7738245412099561 193.4344352288514 13.525296075440593 14.6895837257 93.7394436918
X6 EW15 9.7 P -68.162903 -26.7444 4.71 0.45758632425485046 212.4425735863064 32.56544526655594 8.81967097992 99.2189474463
X6 EW16 11.4 P -68.277 -26.851 4.705 0.602926256275141 215.14127885879844 35.31547690290739 11.5100554193 96.0443676572
X6 EW17 14.58 P -68.427002 -26.885 4.38 0.7137046310919405 222.3429285842744 42.584447300296944 13.5699023515 94.4335563473
X6 EW18 16.46 P -68.552002 -26.906 4.475 0.8074886310789233 227.1613126740803 47.45895455428305 15.3169432117 93.3964706093
X6 BB09 8.02 P -68.098801 -26.525101 3.787 0.251746018067576 228.51478053565907 48.608636842378445 5.08377056853 109.096259823
X6 EW19 17.62 P -68.666 -26.881001 4.575 0.8699090836365513 232.910122344639 53.25871534743359 16.4807344337 92.8208509544
X6 BB04 19.66 P -69.021004 -26.540001 3.72 1.0304964406702612 259.60318651071805 80.10783471377837 19.4770023062 91.6569412189
X6 BB22 23.18 P -69.237 -26.157 3.455 1.226436528945459 279.15713131017674 99.75395435124743 23.1348760661 90.5242389369
X6 BB23 32.38 P -69.426003 -25.367001 2.81 1.7024193009645159 305.28143215764146 125.95238174400785 32.0215298189 88.5114311211
2B BB05 10.34 P -68.243278 -26.009306 4.339 0.4728237389985938 317.5262141282736 137.68297195828723 9.10064510885 98.795335395
2B BB06 18.2 P -68.372254 -25.545861 3.833 0.9219196963342549 331.711761451196 151.92367647751968 17.4509077631 92.4120891562
X6 BB08 7.24 P -67.917999 -26.016001 3.347 0.3435455569989528 355.50289942683156 175.5161271958148 6.73079263492 103.403280812
2B NS26 21.49 P -67.206639 -25.41475 4.035 1.1253540309746004 33.15543233432671 212.85793191963995 21.2476673766 91.078650265
2B NS25 20.19 P -67.210333 -25.517667 4.214 1.0384482638773802 36.08321199244118 215.7867790424606 19.6254187239 91.6059619274
2B NS24 18.9 P -67.234444 -25.582833 4.317 0.9730822007782176 37.28847014470013 217.00225085209766 18.4055115917 92.0401166249
2B NS22 16.1 P -67.265917 -25.756694 4.379 0.8212757408516044 43.01903046582554 222.74574842349966 15.5739362445 93.2618025163
2B NS21 14.56 P -67.294083 -25.839222 4.095 0.7444013182312754 45.89904335220559 225.63775107249887 14.1414667072 94.0630002795
2B BB20 25.99 P -66.786583 -25.438806 4.284 1.3518538915155516 47.3741166678105 226.893000710968 25.4766310645 89.9177336823
2B NS20 12.44 P -67.370778 -25.931753 3.59 0.6306344085428167 47.52944566612294 227.30151988089992 12.0247441332 95.5906383605
2B NS01 9.93 P -67.426306 -26.098111 3.347 0.4892269970022796 57.946031039317425 237.74197337194315 9.40351027523 98.3728915839
2B GALAN 19.74 P -66.948139 -25.844667 4.63 0.9881270619713824 58.87544295849193 238.46191538864224 18.6862647883 91.9370601954
2B BB21 38.06 P -65.941444 -25.535861 2.507 1.9339959433751128 65.25572806029942 244.40392829438116 36.3012338726 79.4716997478
2B NS02 9.59 P -67.414333 -26.200694 3.341 0.45309831225864744 69.72380456426279 249.51407539009105 8.73698182458 99.3492353611
2B BB17 36.15 P -65.895889 -25.914444 1.623 1.8427120797245211 76.49628233307138 255.61864733553614 34.6254810513 79.4726862951
2B NS03 9.38 P -67.386861 -26.315444 3.135 0.45120130738258174 84.63643380529572 264.4140914812044 8.70203969647 99.4049926492
X6 BB19 14.78 P -67.061501 -26.306299 4.419 0.7425955180240597 86.15306177903592 265.7864287706167 14.1078349169 94.0838291055
2B BB18 26.62 P -66.362944 -26.542889 2.984 1.3778184137621086 98.03029018313136 277.3509442022071 25.961436926 89.7952684612
2B NS04 10.14 P -67.337139 -26.420028 3.076 0.49730246327948696 97.23033988294621 276.9854875365932 9.5527502618 98.1769137542
2B BB16 35.47 P -65.865694 -26.629639 2.224 1.8301230336311152 98.97032841272706 278.06807865109215 34.3943759474 79.4728059151
X6 BB10 3.98 P -67.690697 -26.379 3.336 0.17798228990962445 96.66041392801114 276.5727713134476 3.8138001766 116.96014745
2B EW05 28.46 P -66.295167 -26.785944 2.339 1.4873385453935644 107.05706152133699 286.34449389840324 28.006319886 89.3266303561
2B EW08 37.51 P -65.788833 -26.936083 2.491 1.9630843574243004 107.57976434661494 286.6381871412116 36.8352261877 79.4713415165
2B EW06 31.5 P -66.127972 -26.849167 2.244 1.6484075592751848 107.71005081010254 286.9218091202488 31.0133241464 88.7068159689
2B EW07 33.44 P -66.044 -26.894972 2.295 1.7335341085642417 108.43889020093552 287.6123759817335 32.602292714 88.401184934
X6 NS05 9.36 P -67.403397 -26.512501 3.037 0.46047141133544744 109.64741190185312 289.4316591291121 8.87284336562 99.1364481799
2B EW02 19.66 P -66.837028 -26.750694 3.213 1.0186503073488464 112.8792523161332 292.40939046815186 19.2559074266 91.7338016787
X6 EW10 12.02 P -67.262001 -26.591999 3.505 0.6070748065800893 112.76085591261592 292.48176464958635 11.5870908701 95.9742139396
2B EW01 17.19 P -67.010778 -26.740556 3.72 0.8728018974690758 116.15549971753381 295.76338727385524 16.5346841531 92.7960854415
X6 EW09 14.02 P -67.184097 -26.684099 3.898 0.7090354856142166 117.49388089362807 297.17955120190857 13.4829554786 94.4854685361
X6 NS06 9.64 P -67.440002 -26.616301 3.111 0.47671998895345236 122.83765138877784 302.6378313877225 9.17255018343 98.692097642
X6 BB11 22.06 P -66.943604 -27.112499 2.193 1.131336663635271 132.0067079809479 311.5818221987367 21.3593550792 91.044215603
X6 NS07 8.92 P -67.550499 -26.6677 3.517 0.4322392580038739 135.74811159333564 315.597438294594 8.35305585189 99.9824824448
X6 BB13 33.0 P -66.598 -27.6413 0.937 1.7223986339870188 138.4300802081853 317.84436685830883 32.3944507255 88.4404565907
X6 BB12 26.54 P -67.124496 -27.5131 2.152 1.3403131147015974 149.65074349495933 329.3048495091585 25.2611426906 90.0
X6 EW11 7.86 P -67.676201 -26.666201 3.755 0.3614044710639038 148.41422190641046 328.31966522631603 7.05574741807 102.596089614
X6 NS08 9.74 P -67.648399 -26.7841 4.19 0.47652206173519746 153.32581510352438 333.21862687463926 9.16889695176 98.6973020373
X6 NS09 11.74 P -67.652603 -26.910101 3.44 0.5903872086090272 159.17067048466032 339.06513081749665 11.2772716269 96.261215605
X6 EW12 7.16 P -67.773598 -26.685101 3.735 0.3422807657552723 162.62038233656804 342.56928608511294 6.70781189018 103.462343752
X6 NS10 13.74 P -67.688004 -27.051001 2.485 0.715189880900499 165.57660078572377 345.4867110330204 13.5975500806 94.4147917285
X6 NS15 21.8 P -67.603302 -27.479601 1.646 1.1494924651128566 167.30492914871522 347.17601980026274 21.6983066874 90.941059162
X6 NS16 23.74 P -67.613403 -27.5686 1.608 1.2346130513046576 168.62706569939638 348.5025384949436 23.2875412541 90.4816441693
X6 NS17 27.18 P -67.624702 -27.707899 1.496 1.3696386058474173 170.1990019056359 350.07931138617244 25.8087050417 89.8334830941
X6 NS14 21.3 P -67.694199 -27.443701 1.839 1.0988879623211074 170.99367108790472 350.90597017073696 20.7535971404 91.2337310601
X6 NS18 29.1 P -67.628998 -27.900801 1.376 1.5594404397444885 171.55776363162704 351.4396350445674 29.3524614446 89.0413861388
X6 NS12 17.14 P -67.756798 -27.2283 2.017 0.8776598676521866 172.35955048460795 352.3003949539682 16.6252854804 92.7547376046
