X6 NS16 20.76 P -67.613403 -27.5686 1.608 1.0734584804069667 192.57480056326358 12.69467379533981 20.2745346274 89.7224036998
X6 NS15 18.93 P -67.603302 -27.479601 1.646 0.9847255021710195 193.2041468537011 13.319250873431798 18.6145441741 90.1305030236
X6 BB24 27.49 P -68.097702 -27.832701 3.117 1.4706698297405139 206.72860526607684 27.070238885026015 27.7040774428 88.2914947706
X6 NS10 11.58 P -67.688004 -27.051001 2.485 0.6098543549224412 209.59977233011412 29.75220030489578 11.6039218987 92.8451617131
X6 NS09 9.37 P -67.652603 -26.910101 3.44 0.47377735552867195 214.74800911251575 34.88414981111535 9.06394332969 94.95834708
X6 BB01 21.09 P -68.143997 -27.424 3.455 1.147243800806459 217.91633755806157 38.276583245617445 21.6548518134 89.4208615607
X6 BB25 29.47 P -68.542603 -27.619499 4.1 1.527907350040678 223.76975397359834 44.31263052135853 28.7743421722 88.1133368802
X6 NS08 7.69 P -67.648399 -26.7841 4.19 0.3746762157483877 225.35765112109289 45.491608032247086 7.22098741939 97.5806899921
X6 BB02 16.16 P -68.089996 -27.111 3.81 0.8856340630511291 228.0718005416934 48.40574250305218 16.7608171099 90.6608052909
X6 NS07 5.01 P -67.550499 -26.6677 3.517 0.231725715123746 230.72047809300557 50.810336298370316 4.59430474788 104.792468162
X6 EW11 6.92 P -67.676201 -26.666201 3.755 0.3259514423676814 243.50002942999805 63.64615736367466 6.31911211761 99.365177499
X6 EW12 8.38 P -67.773598 -26.685101 3.735 0.41290365073594426 246.50777076139104 66.69756241896567 7.93072706093 96.4082250333
X6 EW16 16.59 P -68.277 -26.851 4.705 0.8917094226038204 248.08131564472097 68.49774253538271 16.8744660094 90.6259197076
X6 EW17 22.13 P -68.427002 -26.885 4.38 1.0288245422104958 249.04661041488072 69.53069385686736 19.4395380798 89.9177676579
X6 EW18 22.7 P -68.552002 -26.906 4.475 1.140780675829888 250.0138364691472 70.55429262603596 21.5339471683 89.4462901697
X6 EW13 10.0 P -67.877296 -26.6523 3.882 0.4896342601213882 254.34358647562158 74.5796804801264 9.35954849874 94.6440386893
X6 EW19 24.33 P -68.666 -26.881001 4.575 1.229692834249118 252.68857662480576 73.28002665800085 23.1971587805 89.1094452693
X6 EW20 26.26 P -68.766998 -26.91 4.455 1.3243015476062916 252.6064914380166 73.24364976837239 24.9667713032 88.7757938108
X6 BB04 28.92 P -69.021004 -26.540001 3.72 1.4953497578546133 268.9038605058573 89.65039898661261 28.1655714173 88.2141549434
X6 BB22 32.65 P -69.237 -26.157 3.455 1.7300353212534016 281.73043144943443 102.56782447156708 32.5529466176 87.5115329297
X6 BB10 7.39 P -67.690697 -26.379 3.336 0.33670455589073073 294.89329364847254 115.04514637645855 6.51774039324 98.9233878769
2B BB05 19.31 P -68.243278 -26.009306 4.339 0.9507700391619899 302.3715055034312 122.76691457885198 17.9793185345 90.3040806531
X6 BB23 41.95 P -69.426003 -25.367001 2.81 2.1948560073226138 301.26602132276753 122.17448365515847 41.1743421653 78.89480652
X6 BB08 14.58 P -67.917999 -26.016001 3.347 0.7174882051289235 314.6249524816336 134.8764403264173 13.6159158216 91.8020998024
2B NS04 2.74 P -67.337139 -26.420028 3.076 0.1017368594796873 6.386768383884414 186.38113558750015 2.35519391755 123.921243359
2B NS03 4.53 P -67.386861 -26.315444 3.135 0.20835408473236802 350.8195160853165 170.8360160102646 4.17352069469 106.776136597
2B NS02 7.14 P -67.414333 -26.200694 3.341 0.3256189651077898 349.75313462603236 169.78179960047115 6.31297522059 99.3793611331
2B NS01 8.85 P -67.426306 -26.098111 3.347 0.4285495445201738 350.77145224041925 170.80537223569362 8.22169341148 95.9922409186
2B NS20 11.4 P -67.370778 -25.931753 3.59 0.5896820338491082 358.1644786195434 178.17375994442236 11.2270347686 93.0866295406
2B NS21 13.07 P -67.294083 -25.839222 4.095 0.6837410889141922 4.204206684835361 184.1796347521476 12.9849324361 92.0891424
2B NS22 14.63 P -67.265917 -25.756694 4.379 0.768137905269985 5.64291001727027 185.60596519227715 14.5630978012 91.4178576258
2B NS24 17.86 P -67.234444 -25.582833 4.317 0.9440043293535391 6.326871354557352 186.27621739366495 17.8527493676 90.339504729
2B NS26 21.4 P -67.206639 -25.41475 4.035 1.1138423141516436 6.6658226400964855 186.60314455367293 21.0300101711 89.5541587814
2B NS25 19.13 P -67.210333 -25.517667 4.214 1.0112605423544003 7.148750600225984 187.08757800883677 19.1109550158 90.0
2B BB20 22.85 P -66.786583 -25.438806 4.284 1.1948810373464165 25.192658140981255 204.94593494483885 22.5459760399 89.2382076713
2B GALAN 15.35 P -66.948139 -25.844667 4.63 0.7664927413785971 28.137764538796144 207.96054333852715 14.5323297956 91.4297277974
2B BB18 17.79 P -66.362944 -26.542889 2.984 0.8831695151899037 91.63187606641189 271.1910517027101 16.7147142006 90.6750610683
2B BB16 26.58 P -65.865694 -26.629639 2.224 1.3317035417661351 95.00524353191624 274.3412724608583 25.1052138498 88.7505525007
2B EW22 30.08 P -65.692889 -26.951917 2.052 1.5411544446308314 106.60299034790225 285.8575293662905 29.0220302645 88.0726869142
2B EW08 28.36 P -65.788833 -26.936083 2.491 1.4545795403697668 106.92492036460213 286.22282357035 27.40319265 88.3423695144
2B EW05 19.33 P -66.295167 -26.785944 2.339 0.9790305857322504 105.92899310208016 285.4558894586817 18.5080053903 90.1592639538
2B EW06 22.36 P -66.127972 -26.849167 2.244 1.1398805256697908 106.99863866757276 286.44992298167847 21.5171081614 89.4498450157
X6 BB14 31.26 P -65.9785 -27.597099 1.854 1.62753526069723 131.69315631503605 311.06929861239917 30.6369661969 87.8083860825
2B EW01 6.47 P -67.010778 -26.740556 3.72 0.37413342035795427 125.98350140264327 305.83154817480306 7.21091477593 97.5971592104
X6 EW09 5.0 P -67.184097 -26.684099 3.898 0.2202334725058474 137.76545767025178 317.6912665109012 4.38688466325 105.723505568
X6 EW10 2.86 P -67.262001 -26.591999 3.505 0.10576539955063656 132.08826747447583 312.04902491386827 2.41812827685 122.841404069
