2B EW01 15.83 P -67.010778 -26.740556 3.72 0.8177222927056058 187.55175347648878 7.605136858755316 15.4933561752 86.2413575778
X6 BB19 7.95 P -67.061501 -26.306299 4.419 0.4064581279879137 202.1641882311372 22.239491100533314 7.78470340187 90.5818279136
X6 EW09 15.31 P -67.184097 -26.684099 3.898 0.7987453042897681 199.17741711455568 19.30756079380103 15.137872894 86.2501953771
X6 NS16 33.53 P -67.613403 -27.5686 1.608 1.7611993451796073 201.341789574021 21.667220084281496 33.1571334416 85.1832348812
X6 EW10 14.01 P -67.262001 -26.591999 3.505 0.7411467454603445 206.6348006200262 26.79920230251841 14.0588971882 86.2730622853
X6 NS10 24.67 P -67.688004 -27.051001 2.485 1.3289874516751234 212.31020077521802 32.66597254175076 25.0683257075 85.7949074769
X6 NS09 22.35 P -67.652603 -26.910101 3.44 1.1943636072149182 214.68432653267706 35.02346349836742 22.5476248852 85.9470297196
2B NS04 11.96 P -67.337139 -26.420028 3.076 0.6331334220013075 219.18644767420415 39.38349296744144 12.0354569864 86.2991776099
X6 NS07 17.85 P -67.550499 -26.6677 3.517 0.9457152125731342 218.58766536753657 38.880112495199 17.8908514825 86.1657047608
X6 NS08 20.55 P -67.648399 -26.7841 4.19 1.0912240164791704 218.32250494193835 38.65902163911559 20.6161395099 86.0483180442
X6 BB01 35.15 P -68.143997 -27.424 3.455 1.8672507079366332 216.58039524962066 37.14325546085507 35.1407075523 85.0094264667
X6 EW11 19.47 P -67.676201 -26.666201 3.755 1.018938641361616 223.5622888621184 43.91042233486047 19.2623270906 86.1105702999
2B NS03 11.4 P -67.386861 -26.315444 3.135 0.5892702745950139 229.0362294251268 49.25480084675115 11.2137448151 86.3032090386
X6 EW12 20.83 P -67.773598 -26.685101 3.735 1.0940550519780217 226.15894288200815 46.55036098248692 20.6691591017 86.0457287685
X6 EW13 21.87 P -67.877296 -26.6523 3.882 1.1421645048450615 230.5540529591329 50.99117829176987 21.5701265853 86.0000519594
X6 EW14 24.21 P -68.002602 -26.709 4.552 1.2651425774500222 231.7478275720273 52.240954781739504 23.8729514757 85.8696976332
2B NS02 12.89 P -67.414333 -26.200694 3.341 0.5429140497393754 239.97517069654361 60.20536636282279 10.3450989055 86.8397754723
X6 BB10 16.67 P -67.690697 -26.379 3.336 0.8471062372505334 237.8142059437512 58.166958303615004 16.0437785384 86.2264305501
X6 EW18 34.97 P -68.552002 -26.906 4.475 1.779542525818399 236.37118686828208 57.110508697093906 33.5002590388 85.153710182
2B NS01 10.27 P -67.426306 -26.098111 3.347 0.5100770650764744 250.63653028757795 70.87155552933933 9.72940042494 87.6382410725
2B NS19 9.59 P -67.407083 -26.038944 3.404 0.47702393188736764 256.68209027761026 76.9084444220508 9.10928290959 88.5020455788
2B NS20 8.58 P -67.370778 -25.931753 3.59 0.43197671558247286 269.65928439877143 89.86932799927703 8.26374779369 89.7492477952
X6 BB08 18.49 P -67.917999 -26.016001 3.347 0.9277651025066148 264.4548760854141 84.90490009561363 17.5546327798 86.1779436101
2B BB05 24.23 P -68.243278 -26.009306 4.339 1.2188102829806833 265.97207053160275 86.56449107937614 23.0053996752 85.9210087852
2B NS21 7.4 P -67.294083 -25.839222 4.095 0.3743105417735406 283.94339562813764 104.11960803114866 7.18133624701 91.6563512065
2B BB06 26.9 P -68.372254 -25.545861 3.833 1.3889560245886188 285.7316079477145 106.37512368186 26.1910185142 85.7205996583
2B NS22 7.65 P -67.265917 -25.756694 4.379 0.37975818705848685 297.0663765592156 117.2300495054885 7.28356405378 91.4699974755
X6 BB07 15.21 P -67.618103 -25.516001 3.399 0.7753158506918586 302.11385891535264 122.42968253784693 14.6989797627 86.26022257
2B GALAN 2.36 P -66.948139 -25.844667 4.63 0.0998580247342657 328.67020399217637 148.69539292172627 2.12831692068 114.827085927
2B NS24 9.11 P -67.234444 -25.582833 4.317 0.465292581326838 318.1765334451336 138.32601742763674 8.88911610607 88.8144123447
2B NS25 9.73 P -67.210333 -25.517667 4.214 0.5030394904704628 324.9786632538131 145.11750617773663 9.59738922974 87.8098291041
2B NS26 11.57 P -67.206639 -25.41475 4.035 0.5887874557582635 330.9836292683576 151.12061345608384 11.2046998891 86.3032312935
2B BB20 9.45 P -66.786583 -25.438806 4.284 0.5000089928019946 10.811865885362197 190.766849826187 9.540538528 87.8844719371
2B BB21 18.93 P -65.941444 -25.535861 2.507 0.9413558851829336 65.45620108890779 245.04415643742703 17.8091985301 86.1687243102
2B BB17 18.21 P -65.895889 -25.914444 1.623 0.8946257079524744 89.22262948676438 268.78784960398417 16.9338955339 86.1991712226
2B BB16 22.56 P -65.865694 -26.629639 2.224 1.1548877587371489 127.51401563505331 307.06028315801836 21.8083923311 85.9874535939
2B EW22 28.45 P -65.692889 -26.951917 2.052 1.481248561938705 133.88812372964915 313.3548445418603 27.9186443501 85.599137792
2B EW08 26.96 P -65.788833 -26.936083 2.491 1.408998198905519 135.80931389637027 315.3188982462264 26.5662111855 85.6949332975
2B BB18 15.2 P -66.362944 -26.542889 2.984 0.7742972746532013 142.44880184205505 322.21560104835106 14.6798991352 86.2606361011
2B EW06 21.84 P -66.127972 -26.849167 2.244 1.1451671398950996 143.5540108105931 323.2150974419547 21.626356636 85.9970980241
2B EW05 19.39 P -66.295167 -26.785944 2.339 1.008552945743147 148.2027749819168 327.9384750131253 19.0678083786 86.1188877931
X6 BB14 35.45 P -65.9785 -27.597099 1.854 1.85532191422195 154.17240053512265 333.7616922894822 34.9176184909 85.0293383965
