X6 NS18 21.01 P -67.628998 -27.900801 1.376 1.0951007727693758 233.5566004920365 54.018084289883376 20.6858488011 91.636997818
X6 BB12 10.55 P -67.124496 -27.5131 2.152 0.5082530941013463 239.21323363453615 59.43966822508425 9.77244222631 98.7586038575
X6 NS17 19.35 P -67.624702 -27.707899 1.496 0.9907066825682196 242.49154259773417 62.94955208320535 18.7387515792 92.3398190067
X6 BB24 27.47 P -68.097702 -27.832701 3.117 1.4225116225346708 245.64952497017677 66.32724204234296 26.7954153409 89.9003604221
X6 NS16 18.19 P -67.613403 -27.5686 1.608 0.9261782939237468 249.9054236777601 70.35715848632944 17.5357266135 92.8454413545
X6 NS15 17.53 P -67.603302 -27.479601 1.646 0.8914905305892082 255.1062114951148 75.55262528111625 16.8892672736 93.1465923388
X6 NS14 19.09 P -67.694199 -27.443701 1.839 0.9622232119472742 258.3749074484567 78.86281201095194 18.2076647127 92.5557747316
X6 NS13 20.11 P -67.773598 -27.336 2.022 1.0176417298894591 265.10618848629906 85.62961841035525 19.241041198 92.1447339219
X6 NS12 19.53 P -67.756798 -27.2283 2.017 1.000198263486621 271.20432589630656 91.7191115910327 18.9157436493 92.2697439041
X6 BB02 24.87 P -68.089996 -27.111 3.81 1.3046335276260292 275.9512501119485 96.61724101306616 24.5955431749 90.4664669605
X6 NS11 19.35 P -67.702599 -27.112499 2.17 0.9626092177069033 278.1970461282174 98.68605960167025 18.2148613319 92.5527634496
X6 EW20 37.69 P -68.766998 -26.91 4.455 1.9315581501013972 279.765895794037 100.73789006782938 36.234886824 79.6291781308
X6 NS10 18.31 P -67.688004 -27.051001 2.485 0.9610980812612612 281.94101421132336 102.42285596899117 18.1866881045 92.5645703794
X6 EW18 34.37 P -68.552002 -26.906 4.475 1.7443544782443547 281.0633448576727 101.93737490989736 32.7982747645 79.631156821
X6 EW19 36.45 P -68.666 -26.881001 4.575 1.8490002705232007 281.168157026108 102.09370072829648 34.7193241854 79.6301609529
X6 EW16 29.49 P -68.277 -26.851 4.705 1.5192127687035504 285.0004483622089 105.74856203741035 28.6000620847 89.4752657838
X6 NS09 18.71 P -67.652603 -26.910101 3.44 0.9713696732894532 290.4897374819816 110.95430718505646 18.3781956861 92.485486497
X6 EW15 28.93 P -68.162903 -26.7444 4.71 1.455899831606417 290.13213816142525 110.82708575816017 27.4185174556 89.7487687377
X6 BB11 6.57 P -66.943604 -27.112499 2.193 0.3109813116977588 296.95638352504784 117.09864917638834 6.1736076878 106.296866339
X6 NS08 19.85 P -67.648399 -26.7841 4.19 1.0198924942325873 297.191135088783 117.65279736478047 19.2830170153 92.1288908688
X6 EW13 24.53 P -67.877296 -26.6523 3.882 1.2623708553264517 298.17327769994984 118.7376602974732 23.8068599875 90.6844265051
X6 EW12 22.59 P -67.773598 -26.685101 3.735 1.1654476044862796 298.9478345185526 119.4655006857144 21.9982888929 91.214894106
X6 BB09 29.91 P -68.098801 -26.525101 3.787 1.4973103705667654 298.78913631253414 119.45248359805268 28.1913245074 89.5679088929
X6 EW11 21.41 P -67.676201 -26.666201 3.755 1.1005441238831828 302.03363191505815 122.50697021635725 20.7873970237 91.6044747095
X6 NS07 19.41 P -67.550499 -26.6677 3.517 1.0067111534761368 305.39682545481827 125.81318103846738 19.037196366 92.2223299698
X6 NS06 18.39 P -67.440002 -26.616301 3.111 0.9618074063559663 311.3321065193608 131.69803991857353 18.1999125341 92.5590220987
X6 BB10 24.77 P -67.690697 -26.379 3.336 1.287505330811263 312.56142307640647 133.03897538355463 24.2759024052 90.5539616413
X6 NS05 19.39 P -67.403397 -26.512501 3.037 1.0112807955376983 316.96685808868983 137.31558820808192 19.1224143508 92.189643378
X6 BB08 33.05 P -67.917999 -26.016001 3.347 1.6891157294110155 316.8320465987132 137.4085325923445 31.7704844717 88.8037053957
X6 EW09 14.93 P -67.184097 -26.684099 3.898 0.7526796207211345 319.06744079694676 139.31773949274933 14.3045663984 94.5761263012
X6 EW10 16.71 P -67.262001 -26.591999 3.505 0.8679469266298999 319.54241120909865 139.82759113661115 16.450576895 93.3556743196
2B NS04 19.9 P -67.337139 -26.420028 3.076 1.044440874987207 322.8087796710454 143.12704237302142 19.7408577665 91.9582099521
2B NS03 21.87 P -67.386861 -26.315444 3.135 1.155159054359997 324.1529419471762 144.4930407544258 21.8063240965 91.2740656183
2B NS02 24.48 P -67.414333 -26.200694 3.341 1.2637435830130201 326.26543211572744 146.61721537798587 23.832476586 90.6772332368
2B EW01 11.87 P -67.010778 -26.740556 3.72 0.6141879142726214 326.5994868680764 146.7713478733816 11.7321786743 96.5929981777
2B NS21 28.86 P -67.294083 -25.839222 4.095 1.5335046932867316 337.13845192835373 157.43429314429 28.8667715632 89.4157258158
X6 BB19 20.73 P -67.061501 -26.306299 4.419 1.0220919818524714 337.87993713922486 158.0733777696671 19.32403689 92.1134350072
2B EW03 8.11 P -66.757 -26.858917 3.238 0.41024239958577424 344.2514231585063 164.30819544215228 7.97203220173 101.694401037
2B GALAN 27.49 P -66.948139 -25.844667 4.63 1.4372098146062835 348.5877651612044 168.72899482995186 27.0697186685 89.8341180814
2B BB21 35.0 P -65.941444 -25.535861 2.507 1.8259656642059123 19.961413627904726 199.6543019030574 34.296463803 79.6304042124
2B EW05 10.77 P -66.295167 -26.785944 2.339 0.5559175615477224 32.765318998609686 212.6122079517348 10.6529115362 97.6815866989
2B BB16 18.38 P -65.865694 -26.629639 2.224 0.9254695170350038 47.76363468751847 227.41633829825895 17.5225154945 92.8513334938
2B EW06 11.92 P -66.127972 -26.849167 2.244 0.6044743149590568 48.09260739379548 227.86329095521802 11.552138952 96.7668653375
2B EW07 12.75 P -66.044 -26.894972 2.295 0.6348727974029995 55.716647030535 235.44893093406972 12.1157523153 96.2362356623
2B EW08 15.81 P -65.788833 -26.936083 2.491 0.8152614145856862 67.25483393017059 246.87070615717315 15.4692921952 93.8720904904
2B EW22 17.29 P -65.692889 -26.951917 2.052 0.8889846698732365 70.3620597705683 249.93411507736192 16.8425715296 93.1685018525
X6 BB15 5.17 P -66.369797 -27.3405 2.856 0.2487646625917022 110.45339154789184 290.33305648261927 5.07199114235 110.731876739
X6 BB13 7.75 P -66.598 -27.6413 0.937 0.3886710892748385 175.5305607809893 355.5148012700841 7.57845728599 102.523206656
