X6 BB24 31.58 P -68.097702 -27.832701 3.117 1.6648162169392038 185.19080942302165 5.268142547432717 31.3877661057 81.5196609978
X6 EW14 10.68 P -68.002602 -26.709 4.552 0.5384139243344649 187.1674927982591 7.200979433504415 10.28023967 85.2480037863
X6 BB01 25.64 P -68.143997 -27.424 3.455 1.2640579964027452 188.7489840878143 8.8466462525017 23.8847580772 81.766159751
X6 BB02 18.0 P -68.089996 -27.111 3.81 0.9473997099666575 188.78761340411694 8.86052811798399 17.9536820368 81.8738959909
X6 EW15 12.1 P -68.162903 -26.7444 4.71 0.607354258606485 200.25968988137885 20.364623162450386 11.5788487096 83.8898039788
X6 BB09 7.84 P -68.098801 -26.525101 3.787 0.3824812426106901 203.63811835902072 23.714195109626814 7.33432370279 88.7221991103
X6 EW16 14.64 P -68.277 -26.851 4.705 0.7450445003945855 204.74944108413405 24.905504971166806 14.1629353017 81.8982869954
X6 EW17 16.8 P -68.427002 -26.885 4.38 0.8391449248191967 212.07517519108808 32.298334828560286 15.9257598055 81.8914882329
X6 EW18 18.24 P -68.552002 -26.906 4.475 0.9202509065548555 217.24832675893657 37.527424388910106 17.4451160534 81.8792658692
X6 EW19 19.02 P -68.666 -26.881001 4.575 0.9671588286517822 222.9355430646819 43.26543615697133 18.3238159509 81.869590743
X6 EW20 20.78 P -68.766998 -26.91 4.455 1.0510212597092532 225.426784215761 45.80197967749518 19.8947031486 81.8476514946
X6 BB22 23.24 P -69.237 -26.157 3.455 1.1755224939002673 270.5794514051768 91.1569679813985 22.2266387068 81.8044112249
2B BB05 7.65 P -68.243278 -26.009306 4.339 0.3284355364996476 300.19048538796795 120.32941316780972 6.31172612438 90.3270633144
X6 BB23 32.24 P -69.426003 -25.367001 2.81 1.57282419474639 300.57638621772884 121.22798555330588 29.6659338492 81.5868517881
2B BB06 15.0 P -68.372254 -25.545861 3.833 0.7455347946015509 327.4274289530308 147.62146818613675 14.1721202631 81.8982727926
X6 BB08 3.38 P -67.917999 -26.016001 3.347 0.15903630222010237 3.0454585712594295 183.04132293605502 3.11673622729 99.1370372797
X6 BB07 13.74 P -67.618103 -25.516001 3.399 0.7152035123810737 22.97252264797387 202.8376834026392 13.603905305 81.9094347205
2B NS26 19.13 P -67.206639 -25.41475 4.035 0.9994061682549229 40.64820687324737 220.33455768792885 18.9278740301 81.8618526891
2B NS25 17.85 P -67.210333 -25.517667 4.214 0.9210281219461233 44.63741219390944 224.32479253935705 17.4596753638 81.8791209676
2B NS24 16.64 P -67.234444 -25.582833 4.317 0.8597349792856808 46.63564771152104 226.33318625210376 16.3114770502 81.8889335696
2B BB20 24.25 P -66.786583 -25.438806 4.284 1.2635220263415528 54.62294315541598 234.12627807471273 23.874720756 81.7664096237
2B NS22 14.26 P -67.265917 -25.756694 4.379 0.7269809817570944 55.03556129489409 234.74593668250418 13.8245408935 81.8986401503
2B NS21 13.0 P -67.294083 -25.839222 4.095 0.6607530383943382 59.61572746146862 239.3380259334242 12.582624722 82.8964943962
2B NS20 10.88 P -67.370778 -25.931753 3.59 0.5560031008994153 64.19992495039489 243.95545024025614 10.6118257675 84.8931389295
2B GALAN 18.6 P -66.948139 -25.844667 4.63 0.939964453855347 69.6525789226914 249.22313887521818 17.8144015103 81.875429626
2B BB21 37.09 P -65.941444 -25.535861 2.507 1.8979143151430535 70.76180749901852 249.89564709656204 35.7493049209 81.3260782233
2B NS02 9.28 P -67.414333 -26.200694 3.341 0.4611295190623896 93.33061850173397 273.10419315488184 8.82138144834 86.8813754096
X6 BB19 15.48 P -67.061501 -26.306299 4.419 0.7877148807485901 99.80006127865576 279.41720539901615 14.9623020253 81.8962086186
2B BB16 37.35 P -65.865694 -26.629639 2.224 1.9018187129001733 104.29332560240636 283.3764598048685 35.8223400891 81.3225096446
2B NS03 9.93 P -67.386861 -26.315444 3.135 0.5047999668603262 106.29530724641944 286.0562721315611 9.64609166626 85.9440343498
2B EW22 41.22 P -65.692889 -26.951917 2.052 2.1443495196799804 111.7440033468641 290.7446337054879 40.3576475031 81.0829422678
2B EW08 39.53 P -65.788833 -26.936083 2.491 2.0588211543010346 112.17600651009127 291.219820516333 38.7586116508 81.1713640944
2B EW06 33.09 P -66.127972 -26.849167 2.244 1.745683704492408 113.12382460688042 292.3205195663178 32.9011759374 81.4574745902
2B EW05 30.17 P -66.295167 -26.785944 2.339 1.5836393555595762 113.06194638898654 292.33409764826035 29.868381021 81.5793415958
2B NS04 11.36 P -67.337139 -26.420028 3.076 0.5832271583641156 114.99318709455275 294.73168037322864 11.1246948135 84.3554895902
2B EW02 21.48 P -66.837028 -26.750694 3.213 1.1333339117966683 120.78118364782893 300.29527816427895 21.4364657964 81.8204654758
2B EW03 23.74 P -66.757 -26.858917 3.238 1.2509035826857473 123.41361901163955 302.8910564954169 23.6384084343 81.7722285537
2B EW01 19.55 P -67.010778 -26.740556 3.72 0.996729009814076 124.78628299575976 304.37788181181713 18.8777258746 81.8625285086
X6 EW10 14.12 P -67.262001 -26.591999 3.505 0.7275758602325262 125.13443442919123 304.8387421820978 13.835685102 81.8986323299
X6 NS05 11.32 P -67.403397 -26.512501 3.037 0.57839627854262 125.83668190109336 305.60415064151226 11.0337186943 84.4499164353
X6 BB10 5.68 P -67.690697 -26.379 3.336 0.2945162593549729 133.94391011505425 313.8391186438281 5.66998130952 91.4784879343
X6 NS06 12.08 P -67.440002 -26.616301 3.111 0.6209001250194127 135.42797024199663 315.21128669811173 11.8336690061 83.6324391899
X6 BB11 25.26 P -66.943604 -27.112499 2.193 1.2854737683798214 137.05906705350583 316.6178694499228 24.2858144641 81.7559954187
X6 BB13 37.12 P -66.598 -27.6413 0.937 1.8856773123514508 141.34761077890448 320.7459061912403 35.5203966045 81.3372006549
X6 NS07 11.76 P -67.550499 -26.6677 3.517 0.5973818360353867 145.6799902483953 325.5122790886426 11.3911772832 84.0811194275
X6 EW11 11.34 P -67.676201 -26.666201 3.755 0.5404348929218411 155.45696070602474 335.34518665310543 10.318347177 85.206915607
X6 NS08 13.04 P -67.648399 -26.7841 4.19 0.6584802337922625 157.77444136436665 337.65003886092296 12.53994722 82.9380462054
X6 NS09 15.08 P -67.652603 -26.910101 3.44 0.7752947425525404 161.57447135477656 341.4516721706006 14.7296295053 81.8969879153
X6 EW12 10.48 P -67.773598 -26.685101 3.735 0.5285474945146461 164.92987041797633 344.8614114618956 10.0941655848 85.4498067499
X6 NS10 17.28 P -67.688004 -27.051001 2.485 0.9019502497198294 166.32619018465437 346.2189465246447 17.1022946085 81.8825265974
X6 NS11 19.31 P -67.702599 -27.112499 2.17 0.9589716743426783 167.9556092816694 347.85479553797745 18.1704521338 81.8714150123
X6 NS16 28.32 P -67.613403 -27.5686 1.608 1.4216494878810557 168.70796207710674 348.5660259983117 26.8357420263 81.6832928067
X6 NS14 26.08 P -67.694199 -27.443701 1.839 1.2858437430899323 170.73711566405044 350.63192992671037 24.2927429467 81.7558167409
X6 NS18 33.74 P -67.628998 -27.900801 1.376 1.7463301868460763 171.31312122378012 351.17745805249666 32.9132732022 81.4569506823
X6 NS13 22.72 P -67.773598 -27.336 2.022 1.169279851090351 173.289331824516 353.220088786293 22.1097188603 81.8068761534
X6 EW13 9.68 P -67.877296 -26.6523 3.882 0.4795909960821577 174.64222456560938 354.619935307168 9.17013395305 86.4822459042
