X6 NS15 19.53 P -67.603302 -27.479601 1.646 0.9977902918703819 183.19360631043278 3.2220332151980813 18.8929895781 94.3079723251
X6 NS16 21.27 P -67.613403 -27.5686 1.608 1.0871593686652017 183.4011451817615 3.4342056908839425 20.5555490329 93.6670863923
X6 NS07 4.71 P -67.550499 -26.6677 3.517 0.18453638652526153 182.7339937097388 2.738400381646983 4.17371526516 122.746343431
X6 NS10 11.19 P -67.688004 -27.051001 2.485 0.5826744472918516 193.01650609067656 13.082870659461406 11.2053434597 99.7644858931
X6 NS09 9.01 P -67.652603 -26.910101 3.44 0.4382918249876588 193.1661602056383 13.216457931173238 8.56855585969 103.856656583
X6 NS08 6.71 P -67.648399 -26.7841 4.19 0.3157736447269768 197.73512511038703 17.783428051542813 6.37965509073 109.844869033
X6 BB24 27.19 P -68.097702 -27.832701 3.117 1.437470022750703 200.04286137806665 20.29714543426988 27.0806045238 91.9549998022
X6 EW11 5.37 P -67.676201 -26.666201 3.755 0.21936879056890943 213.51773602851642 33.57837742740236 4.73394020765 118.19981705
X6 BB02 14.93 P -68.089996 -27.111 3.81 0.7964636665908751 217.87630912870668 38.123978505468045 15.1544436499 96.2878191674
X6 EW12 6.65 P -67.773598 -26.685101 3.735 0.28998506940471064 225.86922987881633 45.97347788021057 5.92987335971 111.63911994
X6 EW16 14.55 P -68.277 -26.851 4.705 0.7537513039695187 240.6438503226284 60.97433535685573 14.3628803435 96.809894579
X6 EW13 7.69 P -67.877296 -26.6523 3.882 0.34524828746389574 240.63099330421528 60.78156156976323 6.89953733575 108.072539631
X6 EW14 10.07 P -68.002602 -26.709 4.552 0.4706741638391834 241.2526629499776 61.4594804114013 9.15633202744 102.745194644
X6 EW18 20.45 P -68.552002 -26.906 4.475 0.9975045540910119 244.70624396031837 65.1605927994375 18.8876762858 94.3102345037
X6 EW19 21.85 P -68.666 -26.881001 4.575 1.0812728662828686 248.17184091027184 68.67718593038396 20.4460073505 93.7067694652
X6 EW20 23.71 P -68.766998 -26.91 4.455 1.1757411627331382 248.4496853014663 69.00066446283819 22.20451642 93.1234493679
X6 BB22 29.53 P -69.237 -26.157 3.455 1.5551103026187947 281.7377667885943 102.48995400106304 29.2550729342 79.8722001024
2B BB05 16.7 P -68.243278 -26.009306 4.339 0.7885894424122494 306.79702457978016 127.10775497626224 15.0085212718 96.3873438656
X6 BB10 4.69 P -67.690697 -26.379 3.336 0.17013950358651228 307.806777177993 127.87356700170267 3.95075070604 124.986237321
X6 BB08 12.05 P -67.917999 -26.016001 3.347 0.5770399977367316 324.00719129384566 144.17408895864418 11.1017801025 99.8863723628
X6 BB07 18.96 P -67.618103 -25.516001 3.399 0.9698745407165333 355.8668741263603 175.90082855954006 18.3739740388 94.5352803533
2B NS01 7.99 P -67.426306 -26.098111 3.347 0.3986688628834538 14.925989732835953 194.87534390702157 7.85362295902 105.441308057
2B NS19 8.91 P -67.407083 -26.038944 3.404 0.46028816486431245 15.11322089819354 195.05412237133035 8.96749317899 103.083709696
2B NS20 10.76 P -67.370778 -25.931753 3.59 0.5722881238409451 15.482608842127691 195.40758876820536 11.0144598525 99.9900541557
2B NS26 21.14 P -67.206639 -25.41475 4.035 1.110024593070614 15.771330819753874 195.62517073489633 20.9810940003 93.5173569421
2B NS24 17.54 P -67.234444 -25.582833 4.317 0.9416326778473301 17.05661318812217 196.92221835550015 17.8490654843 94.7786760795
2B NS25 18.98 P -67.210333 -25.517667 4.214 1.010310316295575 17.161499300122806 197.01669013317922 19.1258147732 94.2101257302
2B NS22 14.34 P -67.265917 -25.756694 4.379 0.7674052198546478 18.810628439654472 198.68967419331474 14.6157353432 96.6264143443
2B NS21 12.75 P -67.294083 -25.839222 4.095 0.6811076525695917 19.015309081226942 198.90659635935134 13.0192872646 97.8893438514
2B NS23 16.16 P -67.226417 -25.662889 4.418 0.8676753217562732 19.05290354257838 198.91478910370228 16.4754137073 95.4852568671
2B NS02 6.91 P -67.414333 -26.200694 3.341 0.30450297350932615 21.85173569063054 201.79568545950562 6.18245070662 110.59965574
2B BB20 23.87 P -66.786583 -25.438806 4.284 1.245290521806282 33.15128922656684 212.821171223901 23.4997829005 92.7583122673
2B NS03 5.13 P -67.386861 -26.315444 3.135 0.2171995367159988 39.39572424987095 219.3273460094515 4.69833096932 118.451942193
2B GALAN 16.59 P -66.948139 -25.844667 4.63 0.8311142975467531 39.91239397162833 219.65112530195762 15.7969194675 95.8744005265
X6 BB19 9.59 P -67.061501 -26.306299 4.419 0.46429058912923327 67.68695179374228 247.47394316499424 9.04024207909 102.952237325
2B NS04 4.78 P -67.337139 -26.420028 3.076 0.19290207306859286 70.87461460300581 250.7839623577736 4.3058076745 121.54981499
2B BB18 20.82 P -66.362944 -26.542889 2.984 1.0555236215703114 93.49504643084174 272.96930059939905 19.9668462698 93.8766838615
2B BB16 29.59 P -65.865694 -26.629639 2.224 1.5053482777097222 95.94986205299202 275.2009795503911 28.3415563272 79.8724875058
X6 NS05 3.75 P -67.403397 -26.512501 3.037 0.1262398775809332 103.37051261884754 283.3092754728274 3.31541412219 133.56852431
2B EW05 22.53 P -66.295167 -26.785944 2.339 1.1536919216102424 105.4828564667133 284.92448750590484 21.7939771723 93.249909754
2B EW06 25.43 P -66.127972 -26.849167 2.244 1.314336191285228 106.4754588531431 285.84143042226367 24.7860604695 92.442294092
2B EW08 31.57 P -65.788833 -26.936083 2.491 1.6290367926613607 106.52719896124492 285.7397539342878 30.6121918834 79.8716517218
X6 EW10 6.15 P -67.262001 -26.591999 3.505 0.27192785080856463 113.6067799322962 293.48228355355167 5.61840192595 113.058122453
2B EW02 13.71 P -66.837028 -26.750694 3.213 0.6834940754485088 113.18074506582758 292.86550131361656 13.063383268 97.8517023253
2B EW01 11.46 P -67.010778 -26.740556 3.72 0.5390437799563863 118.61511238686742 298.3777569462383 10.4045929301 100.780951487
2B EW03 15.74 P -66.757 -26.858917 3.238 0.794607798598445 118.37948372412777 298.02772168644367 15.1200228485 96.3081709227
X6 EW09 8.21 P -67.184097 -26.684099 3.898 0.3767765453094972 122.27061598814701 302.1110564351395 7.46106503595 106.441907145
