X6 BB03 14.41 P -69.257004 -27.488001 4.48 0.7052455214656878 237.28657157232536 57.59334550670462 13.4002073557 93.5691824686
X6 EW20 5.93 P -68.766998 -26.91 4.455 0.254522086574554 321.190321691116 141.27156097273365 5.07992476496 106.795012172
X6 BB04 14.03 P -69.021004 -26.540001 3.72 0.6872871422834412 325.7022034895785 145.89755215445774 13.0653320409 93.7765761071
X6 BB23 36.25 P -69.426003 -25.367001 2.81 1.8966804361813154 336.46979227588776 156.84026993234943 35.6480542253 79.2481692603
X6 EW19 5.65 P -68.666 -26.881001 4.575 0.23779748295201417 343.0129212515934 163.04827625357512 4.78178693984 108.112409428
X6 EW18 4.73 P -68.552002 -26.906 4.475 0.20498514712011862 9.03753825655451 189.02114148615624 4.20425654284 111.206747958
2B BB05 22.23 P -68.243278 -26.009306 4.339 1.1415949011250643 15.752711341448938 195.59852356274837 21.5488166286 90.4105139593
2B NS26 40.99 P -67.206639 -25.41475 4.035 2.0983847129846938 36.4921859386949 215.8808355690136 39.3508521846 79.2457393971
2B NS22 35.1 P -67.265917 -25.756694 4.379 1.796910919583697 41.51064918436207 220.92202064888647 33.7910774082 87.8502278615
2B NS01 28.6 P -67.426306 -26.098111 3.347 1.4490784635042797 46.057450003977536 225.53714779709378 27.2941354457 89.0562346479
X6 EW16 7.95 P -68.277 -26.851 4.705 0.3783461129529187 47.192024865973465 227.05088136281415 7.33173809502 100.292050536
2B GALAN 37.2 P -66.948139 -25.844667 4.63 1.9369761141597328 49.64282370970223 228.91158836368325 36.3877867845 79.2477634986
2B NS02 26.87 P -67.414333 -26.200694 3.341 1.387242439260454 49.3943399487019 228.86774003774508 26.138809804 89.296678583
2B NS03 25.38 P -67.386861 -26.315444 3.135 1.3342577534989755 53.80620309010021 233.26620666813034 25.1488107394 89.512327936
2B NS04 25.03 P -67.337139 -26.420028 3.076 1.3120444316507762 58.63583050122311 238.07246484671256 24.7337526431 89.6059721663
X6 EW10 24.99 P -67.262001 -26.591999 3.505 1.290934103060316 66.71903649957297 246.12005906800172 24.3392996296 89.6971578534
2B EW01 28.03 P -67.010778 -26.740556 3.72 1.453664477298301 75.69851765947 254.98423692877236 27.3798162386 89.0388188961
2B EW04 36.07 P -66.505583 -26.810583 2.671 1.8799350461169848 81.35671019363076 260.4124883351871 35.3406485057 79.2483261163
2B EW06 42.15 P -66.127972 -26.849167 2.244 2.207652342268909 83.81457573982959 262.69836831484207 41.356724715 79.2440092816
2B EW07 43.52 P -66.044 -26.894972 2.295 2.276773276929426 85.19856530755641 264.0433432573296 42.6256009131 79.2427657384
2B EW08 47.48 P -65.788833 -26.936083 2.491 2.499576996131478 86.68282497178133 265.4108084846162 45.7800718238 49.0498917052
X6 NS10 15.49 P -67.688004 -27.051001 2.485 0.8034852495436869 86.1051987530531 265.69543691743684 15.2333804915 92.6486771775
X6 BB11 28.41 P -66.943604 -27.112499 2.193 1.4638185297986765 90.53339438996761 269.7839397335711 27.5695234999 89.0004467003
X6 BB02 8.41 P -68.089996 -27.111 3.81 0.4433960211657549 90.44365230633778 270.21666263579226 8.53154090969 98.2041866552
X6 BB15 37.79 P -66.369797 -27.3405 2.856 1.9861452894634095 97.2161197898376 276.20118855878104 37.2904141503 79.2472143607
X6 NS12 14.91 P -67.756798 -27.2283 2.017 0.749239219905871 99.39470736403587 279.01511909371635 14.2209464043 93.1279442673
X6 BB14 44.61 P -65.9785 -27.597099 1.854 2.368737005425302 102.50249832166074 281.30329206725844 43.9334321157 49.0573891077
X6 BB13 35.01 P -66.598 -27.6413 0.937 1.8458077413653577 107.23483749434226 286.31968180652757 34.7040583969 87.6945165509
X6 NS13 15.09 P -67.773598 -27.336 2.022 0.7591987041900774 107.62738080767915 287.2547824140385 14.4068010232 93.0367830153
X6 NS14 17.25 P -67.694199 -27.443701 1.839 0.8623491853813232 113.08231572341376 292.6726472816466 16.3323588383 92.1736938684
X6 NS16 19.83 P -67.613403 -27.5686 1.608 0.9805159950437995 118.2118009217367 297.76415761821465 18.5393398632 91.3422093063
X6 NS17 20.45 P -67.624702 -27.707899 1.496 1.0444175189467753 125.24754272948329 304.8040462825429 19.733133098 90.9491733216
X6 BB01 9.93 P -68.143997 -27.424 3.455 0.5053856539953081 128.73850734016065 308.5350462250133 9.68029340488 96.7152488384
X6 NS18 22.69 P -67.628998 -27.900801 1.376 1.162542862938301 133.1866613219413 312.7437053174398 21.9402350427 90.3017002467
X6 BB24 16.45 P -68.097702 -27.832701 3.117 0.8449057103441879 149.11647935455474 328.8902519785196 16.0066582239 92.3098351073
