2B NS04 10.77 P -67.337139 -26.420028 3.076 0.5573768990137271 184.40446051993865 4.4255196837208075 10.738498046 100.248413989
X6 NS18 38.41 P -67.628998 -27.900801 1.376 2.058902051172981 188.384961927747 8.538566009405372 38.5056083535 79.862028721
X6 NS17 35.13 P -67.624702 -27.707899 1.496 1.8677391535496102 189.14834771793028 9.299500851153539 34.9963508843 79.8652749979
X6 NS16 32.85 P -67.613403 -27.5686 1.608 1.7286989323977457 189.56687342298164 9.712579287984823 32.4439114588 79.8670431368
X6 NS15 31.01 P -67.603302 -27.479601 1.646 1.6394757809583533 189.78293809192954 9.923882803309908 30.8059852511 79.8679121893
X6 NS05 12.69 P -67.403397 -26.512501 3.037 0.656226016225982 188.9474535473342 8.997789160125421 12.5581285732 98.2344589028
X6 NS06 14.65 P -67.440002 -26.616301 3.111 0.7640409135004312 190.1540606092761 10.220673976673538 14.551998955 96.6016572012
2B NS03 9.14 P -67.386861 -26.315444 3.135 0.4595615696813515 190.96498938472837 11.007876236393884 8.95153901525 103.016741467
X6 NS14 30.87 P -67.694199 -27.443701 1.839 1.620308597645976 192.81316870495547 12.994805632821055 30.4541205035 79.8680716013
X6 NS13 29.45 P -67.773598 -27.336 2.022 1.5340649352148643 196.28688766386423 16.503737308881227 28.870886162 79.8686686847
X6 NS11 24.93 P -67.702599 -27.112499 2.17 1.301839356090896 196.41422034229777 16.598550973529314 24.5527123556 92.4470234886
X6 NS07 15.99 P -67.550499 -26.6677 3.517 0.8368318691599514 196.1938864315315 16.309461191356945 15.9017647462 95.7465237881
X6 NS10 22.71 P -67.688004 -27.051001 2.485 1.2392020909167256 196.65054530078422 16.828173326839362 23.3857850925 92.7341379708
X6 NS09 20.41 P -67.652603 -26.910101 3.44 1.0952521496347645 197.20372778736376 17.365180443364977 20.7053798068 93.554285854
X6 NS08 18.17 P -67.648399 -26.7841 4.19 0.9744680915497024 199.2047635167522 19.363992390177742 18.4584026558 94.4349409247
X6 BB24 39.11 P -68.097702 -27.832701 3.117 2.096342115597077 199.9414988998173 20.306639178025222 39.1929068754 79.8612831417
2B NS02 7.62 P -67.414333 -26.200694 3.341 0.3546418559151348 198.43506471457562 18.48992069133311 7.06262388135 107.452035655
X6 EW11 16.73 P -67.676201 -26.666201 3.755 0.8737190590939385 203.30895918082882 23.480159174338496 16.5864538984 95.3588484167
X6 BB01 33.13 P -68.143997 -27.424 3.455 1.7366986680184757 205.90385495487547 26.287164010282282 32.5907674685 79.8669550408
X6 EW12 17.83 P -67.773598 -26.685101 3.735 0.9285739855678631 207.773177045461 27.98755131491845 17.6053668214 94.8325416558
X6 BB02 27.19 P -68.089996 -27.111 3.81 1.4379637182036626 209.71291590027994 30.070036883438092 27.0893911302 91.9031151884
2B NS01 5.86 P -67.426306 -26.098111 3.347 0.2642423919694323 207.74112162485076 27.8011220218595 5.48193702245 113.581233189
X6 EW13 18.41 P -67.877296 -26.6523 3.882 0.9481316696154646 213.65855836519555 33.91868772258795 17.9688281596 94.6585541634
2B NS19 4.85 P -67.407083 -26.038944 3.404 0.20422219069075018 211.1988334756982 31.25035800217387 4.48102862128 119.896172029
X6 BB10 12.49 P -67.690697 -26.379 3.336 0.6283063067827968 214.90937215831383 35.086082064289826 12.0432236775 98.7489190001
X6 EW14 20.61 P -68.002602 -26.709 4.552 1.0594606262060147 216.9712510676826 37.287138475426275 20.0392739344 93.7899160956
X6 EW15 23.19 P -68.162903 -26.7444 4.71 1.1780483268874413 221.4698374789341 41.85696368229995 22.2468324025 93.0582333895
X6 EW16 25.93 P -68.277 -26.851 4.705 1.3254130530298396 221.6711652556806 42.1096833046135 24.9919331976 92.3418648692
X6 EW17 28.43 P -68.427002 -26.885 4.38 1.4424321043995754 224.7076907556911 45.21311648781801 27.1726739905 91.8873690716
X6 BB03 47.15 P -69.257004 -27.488001 4.48 2.393178003298792 226.8398725020992 47.723406278846966 43.8404844408 49.1855737567
X6 EW18 30.37 P -68.552002 -26.906 4.475 1.5376925577950382 227.0778148806127 47.63898580470422 28.9374809877 79.8686475492
X6 BB09 20.03 P -68.098801 -26.525101 3.787 0.9819312664965115 227.52670955060464 47.884033573902286 18.5971643847 94.3737273146
X6 EW19 31.65 P -68.666 -26.881001 4.575 1.5983782066767687 230.19659871248956 50.808167913522794 30.0515295 79.8682421081
2B NS20 3.35 P -67.370778 -25.931753 3.59 0.0995779957135021 227.34622102029846 47.381789464898816 2.966350617 140.289462903
X6 EW20 33.59 P -68.766998 -26.91 4.455 1.6868777822107661 231.36555898103336 52.02233613502467 31.6761745385 79.8674764607
X6 BB08 12.65 P -67.917999 -26.016001 3.347 0.5853180670313554 254.8419415552899 75.11693833704722 11.2518941999 99.6285910153
X6 BB22 35.13 P -69.237 -26.157 3.455 1.7746677033198033 260.08077852739314 80.93496982938866 33.2877875535 79.8665141592
X6 BB23 38.85 P -69.426003 -25.367001 2.81 1.9897737105699187 284.00957034422686 104.93341282187124 37.2365945813 79.8633110457
2B NS21 2.57 P -67.294083 -25.839222 4.095 0.025443125190948882 350.3475124124347 170.34957926250883 2.34719421903 168.091766808
2B NS22 3.55 P -67.265917 -25.756694 4.379 0.10965798178037099 11.093083352197347 191.08288375910283 3.08995175674 137.513657631
2B GALAN 6.95 P -66.948139 -25.844667 4.63 0.30767826943231136 86.41493779368564 266.2661427828707 6.2336508486 110.264095972
2B EW24 40.68 P -65.397556 -27.040778 0.376 2.062174007648558 125.20262460940631 304.3598102332624 38.5656727056 79.8619649927
2B EW22 34.8 P -65.692889 -26.951917 2.052 1.7964611235196835 127.61096779683021 306.90085692674234 33.6878618329 79.8662441529
2B EW08 33.15 P -65.788833 -26.936083 2.491 1.7190089327331532 128.90190209999872 308.2346582372386 32.2660261902 79.8671476087
2B EW07 29.65 P -66.044 -26.894972 2.295 1.5188531946069128 133.0073572774918 312.4539905481406 28.5916334647 79.8687534896
2B EW06 27.62 P -66.127972 -26.849167 2.244 1.432772837473004 133.67899026170167 313.1633562829816 26.9926431965 91.9215538677
2B EW05 24.86 P -66.295167 -26.785944 2.339 1.2819493875784012 136.1854872657837 315.7445825927756 24.1821159884 92.5299061388
X6 BB15 32.37 P -66.369797 -27.3405 2.856 1.6897023149530301 151.0881440754511 330.6763332849756 31.7280262792 79.8674486359
2B EW03 21.17 P -66.757 -26.858917 3.238 1.1030670306481865 154.49685457554202 334.2604654142792 20.8508349701 93.5034851358
2B EW02 18.78 P -66.837028 -26.750694 3.213 0.974722487320289 155.51874728492828 335.3182796315457 18.4631324101 94.432838966
X6 BB13 35.85 P -66.598 -27.6413 0.937 1.8811604228069896 160.99713754616565 340.6858945108109 35.2427318671 79.8650777977
2B EW01 17.85 P -67.010778 -26.740556 3.72 0.9111399528358066 164.15441545101947 344.03097692700163 17.2814496728 94.9935595804
X6 BB11 24.95 P -66.943604 -27.112499 2.193 1.2859773564894492 166.15309516049442 345.99888028714247 24.2571587204 92.5114314419
X6 BB12 31.85 P -67.124496 -27.5131 2.152 1.655359462824903 174.93225428810317 354.8582067334089 31.0975724367 79.8677727582
X6 EW10 14.07 P -67.262001 -26.591999 3.505 0.7281072123530015 178.07560725662424 358.0635233071288 13.8866703581 97.0951601428
