2B EW05 3.38 P -66.295167 -26.785944 2.339 0.16195527691387906 156.51825220282336 336.48575818487416 3.19108517293 101.119938812
X6 BB15 13.69 P -66.369797 -27.3405 2.856 0.7030840945952264 180.16946673115868 0.1705291409678864 13.362132809 83.2827733585
X6 BB13 19.79 P -66.598 -27.6413 0.937 1.0246297729096392 191.49793928843906 11.603107542280753 19.3855121784 83.2146462396
X6 NS18 32.19 P -67.628998 -27.900801 1.376 1.6892112580487795 221.30399106351385 41.88204585428315 31.828703796 82.7669605591
X6 NS16 28.05 P -67.613403 -27.5686 1.608 1.4481729557818048 229.7020661039815 50.26974564211767 27.3170910994 82.9728417019
X6 BB11 14.03 P -66.943604 -27.112499 2.193 0.6998663532406468 227.11913062811357 47.37957938216363 13.3018530353 83.2828953496
X6 BB24 37.17 P -68.097702 -27.832701 3.117 1.9481423026188454 231.76116579003374 52.55308983490204 36.6727063978 82.4994572564
X6 NS15 27.03 P -67.603302 -27.479601 1.646 1.3858151248923292 232.29623006147526 52.85844906438459 26.1496030107 83.018275621
X6 NS14 28.35 P -67.694199 -27.443701 1.839 1.4305506593886155 235.3940507094792 55.99725243024605 26.9871707817 82.9860042957
2B EW03 8.21 P -66.757 -26.858917 3.238 0.412392676551957 237.42574082230246 57.60106371294228 7.89710800984 88.9439038795
X6 NS11 25.65 P -67.702599 -27.112499 2.17 1.2821911933379104 247.9515424014292 68.55511391389749 24.2092823035 83.0865597873
X6 NS10 23.99 P -67.688004 -27.051001 2.485 1.2487123812719805 250.36077309228057 70.95711274738807 23.5823469454 83.1066345054
X6 BB02 31.13 P -68.089996 -27.111 3.81 1.6078166318201224 252.48161315786527 73.26031181091405 30.3054303921 82.8413511636
X6 NS09 22.99 P -67.652603 -26.910101 3.44 1.1793201669548943 256.3422706165509 76.92121011637468 22.2828057727 83.1450568183
2B EW02 8.47 P -66.837028 -26.750694 3.213 0.4345473213890905 254.78458982429797 74.99553497299922 8.31489059546 88.3562654039
2B EW01 11.41 P -67.010778 -26.740556 3.72 0.5839602723528076 259.6829042503187 79.97185311734351 11.1278852667 84.9568429164
X6 EW14 30.31 P -68.002602 -26.709 4.552 1.4628782034192274 266.8284849524247 87.56254391969094 27.5923921115 82.9616655993
X6 EW09 14.61 P -67.184097 -26.684099 3.898 0.7313048984988627 266.157108486513 86.52354603475447 13.8908082419 83.2812016261
X6 NS07 20.53 P -67.550499 -26.6677 3.517 1.0577662553461245 268.09426439639896 88.62496788680481 20.0061801622 83.2016561615
X6 NS06 18.53 P -67.440002 -26.616301 3.111 0.9590260279441145 271.02137775666563 91.50208073328433 18.1566653191 83.2371881154
X6 BB09 31.15 P -68.098801 -26.525101 3.787 1.552399215334221 273.76131438171575 94.536080979239 29.2681952945 82.8899292675
X6 EW10 15.53 P -67.262001 -26.591999 3.505 0.8010453957233046 273.0500169334172 93.45076945248056 15.1972824399 83.2735474557
X6 NS05 18.1 P -67.403397 -26.512501 3.037 0.9348741836421207 277.4468753819625 97.910332891654 17.7042549609 83.2444065005
X6 BB10 23.65 P -67.690697 -26.379 3.336 1.2119925102032232 282.0150998246218 102.6057192605088 22.8946892291 83.1275073879
2B NS04 17.17 P -67.337139 -26.420028 3.076 0.8944039886496223 283.8500934689439 104.28320795007217 16.9461563054 83.2551759729
2B NS03 18.65 P -67.386861 -26.315444 3.135 0.967622506253573 289.2078548307528 109.66234720127088 18.3176921714 83.2344774797
X6 BB08 29.73 P -67.917999 -26.016001 3.347 1.5223097393757277 293.74670822993943 114.43440092039914 28.7049588754 82.9147413248
2B NS02 20.41 P -67.414333 -26.200694 3.341 1.0342666122337072 294.74336507174553 115.20916904249617 19.5660181888 83.210978346
X6 BB19 13.75 P -67.061501 -26.306299 4.419 0.7040045717505564 297.9011288629276 118.21050944239099 13.3793766266 83.2827362872
2B NS01 21.5 P -67.426306 -26.098111 3.347 1.0912596280830846 299.38130316682543 119.85158741427838 20.6335153121 83.1874513317
2B NS20 21.99 P -67.370778 -25.931753 3.59 1.14332599011276 307.88886138248057 128.33318001320083 21.6086864955 83.1632584958
2B NS21 22.15 P -67.294083 -25.839222 4.095 1.1523482783040222 313.6356715207064 134.04535586775734 21.7776633745 83.158808479
2B NS22 22.97 P -67.265917 -25.756694 4.379 1.1939703435586724 317.3313671147494 137.72801974814803 22.5571751473 83.1373077582
2B NS24 25.14 P -67.234444 -25.582833 4.317 1.310801446648196 323.37298273717437 143.75456434139446 24.7450262504 83.0686267425
2B NS25 25.9 P -67.210333 -25.517667 4.214 1.3516542874584376 325.75092931576444 146.12147029992607 25.5099843902 83.0417970723
2B GALAN 18.38 P -66.948139 -25.844667 4.63 0.9485362166644205 326.5662311630365 146.82298717949377 17.9601718715 83.2403954036
2B BB18 2.29 P -66.362944 -26.542889 2.984 0.09461606772016129 2.44505027970031 182.44303068333386 1.96906757945 111.491999741
2B BB20 23.88 P -66.786583 -25.438806 4.284 1.2563763596611706 342.4656802355147 162.64967468847846 23.7258674449 83.102126317
2B BB21 22.79 P -65.941444 -25.535861 2.507 1.1661113935264322 19.248140770400052 199.06080126422123 22.0354273572 83.1518750368
2B BB17 16.62 P -65.895889 -25.914444 1.623 0.8375459287152692 30.426464297665916 210.21769904935314 15.881049845 83.2674543147
2B EW08 11.62 P -65.788833 -26.936083 2.491 0.596659810786433 120.167127862531 299.9063565304315 11.366565012 84.7192362963
2B EW06 5.9 P -66.127972 -26.849167 2.244 0.3009586555843463 134.7685991332413 314.6608324834193 5.79563623773 92.6193048032
