X6 NS18 23.22 P -67.628998 -27.900801 1.376 1.228638336769293 206.98502776462627 27.274886849160936 23.1828974449 92.073408786
X6 NS17 20.26 P -67.624702 -27.707899 1.496 1.0588588431864032 211.59067715988715 31.877620773405965 20.0194721567 93.0464123902
X6 NS16 18.28 P -67.613403 -27.5686 1.608 0.9375398174723409 215.56999622566266 35.85109719428408 17.7609969 93.9700263526
X6 BB24 26.84 P -68.097702 -27.832701 3.117 1.4161863068079188 223.3610479400081 43.86570731125252 26.6793520889 91.3109925631
X6 NS14 17.68 P -67.694199 -27.443701 1.839 0.8880707555128783 224.0697305658392 44.38707279398085 16.8408557979 94.4214824722
X6 NS13 17.52 P -67.773598 -27.336 2.022 0.8695940188886175 232.38300949275998 52.73590427737497 16.4973289833 94.6028773683
X6 NS12 16.12 P -67.756798 -27.2283 2.017 0.7961941621960303 237.90889990144612 58.25351221085653 15.1334782563 95.3833990223
X6 BB01 23.68 P -68.143997 -27.424 3.455 1.1917918083373373 238.58017224952522 59.102434006238624 22.496166019 92.2599201903
X6 NS10 13.12 P -67.688004 -27.051001 2.485 0.6615168906321308 248.23027461903564 68.54268225463225 12.636629761 97.2460062964
X6 BB02 19.92 P -68.089996 -27.111 3.81 1.019423527207716 252.42266400118763 72.91764877025719 19.2851143359 93.3243983428
X6 EW18 27.54 P -68.552002 -26.906 4.475 1.3897053140006392 265.5779041622567 86.2798839512148 26.1855927451 91.4021848943
X6 EW20 31.08 P -68.766998 -26.91 4.455 1.5813089714615032 265.87813550299506 86.67731332215482 29.7585206398 90.8447205484
X6 EW19 29.44 P -68.666 -26.881001 4.575 1.4898851761682388 266.7894311465094 87.54259405633073 28.0536074198 91.0781209815
X6 EW16 22.7 P -68.277 -26.851 4.705 1.1419745420491318 267.5200399863657 88.09722182187849 21.5678432304 92.5346129923
2B BB05 27.21 P -68.243278 -26.009306 4.339 1.3712620960352249 305.3101691693964 125.8639670337496 25.8417139356 91.4677056119
2B BB06 34.22 P -68.372254 -25.545861 3.833 1.7640278421604618 315.3458906397061 135.95209956737534 33.1177705574 79.8241564705
X6 EW10 6.88 P -67.262001 -26.591999 3.505 0.3192326549022347 312.3585386002712 132.47706795261172 6.3899617035 108.124609577
2B NS04 9.95 P -67.337139 -26.420028 3.076 0.4917609633393931 321.8843257378842 142.03616188404254 9.50922232582 100.923971738
2B NS03 11.93 P -67.386861 -26.315444 3.135 0.60233330919994 324.66236381745244 144.83615776200634 11.5428497819 98.3048154814
2B NS02 14.36 P -67.414333 -26.200694 3.341 0.7118197917761987 328.36233440711635 148.54804093470148 13.5683733833 96.499512494
2B NS01 15.96 P -67.426306 -26.098111 3.347 0.8061619948131288 331.5163225158968 151.70703018713195 15.3185845432 95.2682212335
2B NS19 16.7 P -67.407083 -26.038944 3.404 0.8511725770772133 334.42913297605526 154.61108889290512 16.1548395836 94.7786926652
2B NS20 17.95 P -67.370778 -25.931753 3.59 0.9370504789578018 339.04793375074837 159.21342246646682 17.7518924684 93.9742588488
2B NS21 19.02 P -67.294083 -25.839222 4.095 1.003775654991179 344.61458934394113 164.74579880218138 18.9937848639 93.4416893802
2B NS22 20.45 P -67.265917 -25.756694 4.379 1.0777091751307986 347.07096166501776 167.18950871716038 20.3705705502 92.9217247749
2B NS23 22.08 P -67.226417 -25.662889 4.418 1.1626058186446142 349.8081080111496 169.9089973117087 21.9522866449 92.4212693712
2B NS24 23.48 P -67.234444 -25.582833 4.317 1.242710883482904 350.12620192671807 170.23049247390952 23.4451973378 92.0054634068
2B NS25 24.5 P -67.210333 -25.517667 4.214 1.3036428741369688 351.55490230869805 171.64844124108768 24.5810354028 91.7327323524
2B NS26 26.78 P -67.206639 -25.41475 4.035 1.4051023229156085 352.299154999658 172.39089796517587 26.4726803458 91.3487290768
2B GALAN 18.98 P -66.948139 -25.844667 4.63 0.9637100819423448 2.679758560846205 182.657556383134 18.2479777914 93.7500829883
2B EW01 2.89 P -67.010778 -26.740556 3.72 0.06771348662629231 350.4519681126177 170.4576336946479 2.5040740335 148.979144815
2B BB21 30.73 P -65.941444 -25.535861 2.507 1.5862097424584423 36.95439052670966 216.4882568952188 29.8499160767 90.8341185809
2B BB17 26.26 P -65.895889 -25.914444 1.623 1.3314415788682248 48.131754650732034 227.64227509193682 25.0992857202 91.617928957
2B BB18 12.77 P -66.362944 -26.542889 2.984 0.6262176602466722 65.16389424138899 244.8787046701145 11.9839377195 97.8564757156
2B EW02 3.9 P -66.837028 -26.750694 3.213 0.1546331939685407 68.55036399088749 248.47774735793388 3.62470804625 125.639301647
2B BB16 20.48 P -65.865694 -26.629639 2.224 1.027069173546432 80.29209967844632 259.7829025309252 19.4274732732 93.2685780357
2B EW05 12.52 P -66.295167 -26.785944 2.339 0.6279003430892948 88.20647300202288 267.889524409193 12.0150344763 97.8265019284
2B EW04 9.19 P -66.505583 -26.810583 2.671 0.4396808546093243 90.53473605879391 270.31255583645685 8.55822445817 102.573898403
2B EW06 15.33 P -66.127972 -26.849167 2.244 0.7776850207057804 93.27998572936544 272.8872300510603 14.7899471083 95.6177797269
2B EW08 21.14 P -65.788833 -26.936083 2.491 1.0864329437285645 97.07904523369763 276.5324013128234 20.5330751242 92.8670620041
2B EW22 22.84 P -65.692889 -26.951917 2.052 1.1732215073574548 97.37373904797127 276.78356381949095 22.1501098499 92.3640303128
2B EW03 5.01 P -66.757 -26.858917 3.238 0.22132512101766538 103.53249987750162 283.42362317548094 4.69521680466 116.160280745
X6 BB14 23.12 P -65.9785 -27.597099 1.854 1.2025844104850396 131.28218772097802 310.81602863485017 22.6973056942 92.2040021851
X6 BB15 15.12 P -66.369797 -27.3405 2.856 0.7728857761757484 133.7598980656345 313.47388115822866 14.7008657162 95.6761897823
X6 BB13 17.52 P -66.598 -27.6413 0.937 0.906719523286579 156.9825493565897 336.7994618272033 17.1876650203 94.245581785
X6 BB11 6.76 P -66.943604 -27.112499 2.193 0.3090227096052313 170.95195011098116 350.9271975417253 6.20934494832 108.766568838
