X6 NS16 29.63 P -67.613403 -27.5686 1.608 1.545088058796913 214.88404391465005 35.335624724820406 29.1319325039 82.8376353623
X6 NS15 28.21 P -67.603302 -27.479601 1.646 1.4679662875536201 216.60821387178603 37.054531286844025 27.6882310667 82.8987357615
2B EW01 11.05 P -67.010778 -26.740556 3.72 0.5607403281014373 218.8838927348542 39.059903324331515 10.6918054066 85.4176088953
X6 BB24 38.13 P -68.097702 -27.832701 3.117 2.0184697392697015 220.46159987074734 41.13566473016559 37.9884528376 82.3645261267
X6 BB01 34.35 P -68.143997 -27.424 3.455 1.7633560920237652 230.25205555203155 50.94230787625412 33.2167218113 82.6400359332
X6 NS10 23.37 P -67.688004 -27.051001 2.485 1.2138991909283137 231.81803022568505 52.29907126074312 22.9309681263 83.0655336291
X6 BB25 41.89 P -68.542603 -27.619499 4.1 2.1622913845123235 232.1154426155827 52.988803915488035 40.677133908 82.1919374416
X6 EW09 12.53 P -67.184097 -26.684099 3.898 0.6339957809355693 233.10578854132893 53.358945838839574 12.0678766458 83.9481769035
X6 NS09 21.41 P -67.652603 -26.910101 3.44 1.1066039743751708 236.59625834036555 57.06026190679364 20.9214777344 83.1189772673
X6 BB02 29.49 P -68.089996 -27.111 3.81 1.5435431137037592 238.17549759683382 58.837735478444586 29.1030133602 82.8389047134
X6 NS08 20.29 P -67.648399 -26.7841 4.19 1.0401226509855512 242.3187120573242 62.7798155536381 19.6762708616 83.1467079254
X6 EW10 12.93 P -67.262001 -26.591999 3.505 0.645351845009649 243.41210779411077 63.69955478582568 12.280874512 83.7254806985
X6 NS07 17.61 P -67.550499 -26.6677 3.517 0.9113102330046013 246.31210661157058 66.72860617091915 17.2634121427 83.1882263406
X6 EW11 19.65 P -67.676201 -26.666201 3.755 1.0149624054270414 248.89332977939233 69.36588136355131 19.2049970918 83.1560988677
X6 EW12 21.19 P -67.773598 -26.685101 3.735 1.1031509520339737 249.56589420899255 70.08205645445426 20.8568038317 83.1205205561
X6 EW17 34.35 P -68.427002 -26.885 4.38 1.719704503406967 249.87213306503236 70.68266282585023 32.3999559976 82.6825858506
X6 EW14 25.13 P -68.002602 -26.709 4.552 1.3045362134174763 251.63294624896952 72.25154096436725 24.6282836021 83.0123328514
X6 EW19 37.13 P -68.666 -26.881001 4.575 1.9210494982046546 252.0831995634241 73.00068501706097 36.1666299986 82.4748010971
X6 EW13 22.67 P -67.877296 -26.6523 3.882 1.1807735048957546 252.59429539578355 73.15640000597864 22.310594249 83.0831562151
2B NS04 12.67 P -67.337139 -26.420028 3.076 0.6558187112370263 259.7033271850272 80.02327162235844 12.4771219651 83.522198796
X6 BB10 18.77 P -67.690697 -26.379 3.336 0.9654105298732089 265.3421592148304 85.81876282244802 18.2768208472 83.1727878566
2B NS03 13.47 P -67.386861 -26.315444 3.135 0.6905295753012023 268.92984631320246 89.271240184621 13.1275005474 83.2197259482
X6 BB19 8.05 P -67.061501 -26.306299 4.419 0.3988090496920638 269.65790968743426 89.85505972534011 7.64096646143 89.2845149769
2B NS02 16.24 P -67.414333 -26.200694 3.341 0.7229307442174915 278.0874217517893 98.44027634281967 13.734489792 83.2183964586
2B BB05 29.22 P -68.243278 -26.009306 4.339 1.4896168728516108 281.0745002506537 101.79162110552055 28.0935437598 82.8820536049
X6 BB08 23.85 P -67.917999 -26.016001 3.347 1.203184365829923 283.59107475229365 104.16485108163587 22.7303046723 83.0713420612
2B NS01 15.14 P -67.426306 -26.098111 3.347 0.7552583715529477 285.6880621442576 106.04556318577337 14.3400988051 83.2159062473
2B NS19 15.03 P -67.407083 -26.038944 3.404 0.7575243807353996 290.35513219187135 110.70377953278734 14.3825489133 83.2156888299
2B BB06 33.89 P -68.372254 -25.545861 3.833 1.7517641109727875 295.28024232358905 116.04786460808724 32.9998321358 82.6514888324
2B NS20 15.06 P -67.370778 -25.931753 3.59 0.7730056835846653 298.67179508591437 119.00379656982021 14.6725661407 83.2140547055
2B NS21 14.85 P -67.294083 -25.839222 4.095 0.7660770193673324 307.2586004197108 127.55634727639664 14.5427689234 83.2148180736
X6 BB07 23.58 P -67.618103 -25.516001 3.399 1.197214882273642 310.9804340863255 131.41806239176626 22.6185092468 83.0745332902
2B NS22 15.66 P -67.265917 -25.756694 4.379 0.800366634879151 313.058989900221 133.3439381905748 15.1851266314 83.2105371058
2B NS24 17.63 P -67.234444 -25.582833 4.317 0.9108179322832293 322.2784349141793 142.54873038702368 17.2541902022 83.1883533083
2B NS25 18.39 P -67.210333 -25.517667 4.214 0.9510218838721854 325.7086217280888 145.96806579619562 18.007295459 83.1771798167
2B GALAN 10.78 P -66.948139 -25.844667 4.63 0.5479138174018561 327.0071774437504 147.15289269170447 10.4505301098 85.6841653188
2B NS26 20.18 P -67.206639 -25.41475 4.035 1.0362040458751827 329.048401242637 149.30575598733884 19.6028725153 83.1482107528
2B BB20 16.46 P -66.786583 -25.438806 4.284 0.879198949346651 349.94618000826495 170.02034418020364 16.6618879833 83.1959914726
2B BB21 19.31 P -65.941444 -25.535861 2.507 0.9796537662818009 38.45473151919772 218.1595869532566 18.5436199558 83.1682380554
2B BB17 15.29 P -65.895889 -25.914444 1.623 0.7556947489276105 59.07516801394029 238.75797478192757 14.3482736486 83.2158648117
2B BB16 14.99 P -65.865694 -26.629639 2.224 0.7466816650194356 115.97167187660474 295.63698816921635 14.1794275612 83.2166785619
2B EW22 20.25 P -65.692889 -26.951917 2.052 1.0492267423157076 128.2991774378533 307.8851446822198 19.8467962696 83.1431593716
2B EW06 13.42 P -66.127972 -26.849167 2.244 0.698235515653398 141.3614534420289 321.1428269308623 13.2718603939 83.2195174981
2B EW05 10.99 P -66.295167 -26.785944 2.339 0.5607000451493361 149.2159506677265 329.07228751793923 10.6910477853 85.4184399824
X6 BB14 27.01 P -65.9785 -27.597099 1.854 1.4121181152154205 156.38981768242903 336.1005815988564 26.642653261 82.9400339767
