X6 NS13 28.72 P -67.773598 -27.336 2.022 1.471884049083878 182.48246272245254 2.514596964235892 27.7227858601 88.6708554279
X6 BB24 37.62 P -68.097702 -27.832701 3.117 1.9986348246836743 190.08956464143316 10.268380073827188 37.543230007 79.0874540451
X6 BB01 30.97 P -68.143997 -27.424 3.455 1.6078070745501447 194.1305385518252 14.328846720164734 30.2629943091 88.2095190209
X6 BB02 24.74 P -68.089996 -27.111 3.81 1.2930269033888409 195.49947827198224 15.672612636765336 24.3794661243 89.3277358398
X6 EW16 21.78 P -68.277 -26.851 4.705 1.1121014331565875 207.48035955576842 27.73573213726712 20.9970170824 90.1138114569
X6 EW18 25.35 P -68.552002 -26.906 4.475 1.2894208294180942 216.01464478845867 36.392489000469595 24.3120526745 89.3417436565
X6 EW19 26.22 P -68.666 -26.881001 4.575 1.333170172849305 220.1726074452101 40.60092915026013 25.1299062671 89.1724206599
X6 EW20 27.33 P -68.766998 -26.91 4.455 1.4146918107094473 222.17738250278452 42.650816403259824 26.6537847537 88.87350357
X6 BB04 26.47 P -69.021004 -26.540001 3.72 1.362280926117932 240.0329821560715 60.61548900427472 25.6740896027 89.066343702
2B BB05 10.5 P -68.243278 -26.009306 4.339 0.5076889023596246 253.42885455189594 73.66567565296569 9.70950684506 95.6439408813
X6 BB23 32.1 P -69.426003 -25.367001 2.81 1.632646663132821 287.40442541742505 108.14990608842817 30.727146654 88.1281951275
2B BB06 13.36 P -68.372254 -25.545861 3.833 0.6834272845269432 297.74075404624386 118.03154939614578 12.9858892006 93.0779088568
2B NS26 11.84 P -67.206639 -25.41475 4.035 0.6344237872005087 44.83103930310995 224.6167549411736 12.0713335667 93.6592461448
2B NS25 10.87 P -67.210333 -25.517667 4.214 0.5631799024783987 51.96212467965442 231.74904159694023 10.7427559645 94.6463150008
2B NS24 9.86 P -67.234444 -25.582833 4.317 0.5071598114751236 56.22669577869556 236.023826484928 9.6996640197 95.6546408405
2B NS23 9.29 P -67.226417 -25.662889 4.418 0.47368579027633795 64.77771861497837 244.57106636186046 9.07733930617 96.3792653298
2B NS22 8.11 P -67.265917 -25.756694 4.379 0.40724028562340303 74.59633373808411 254.40653003835365 7.84481613816 98.1078613546
2B BB21 31.63 P -65.941444 -25.535861 2.507 1.6201195791274683 78.6425183052953 257.87903604916005 30.493068328 88.169103371
2B NS21 7.32 P -67.294083 -25.839222 4.095 0.3678886517732213 85.9904978405705 265.8126936702626 7.117665512 99.4222382428
2B GALAN 13.29 P -66.948139 -25.844667 4.63 0.6785739320495433 88.40378282781822 268.0750929977356 12.8952846527 93.130709746
2B BB17 31.85 P -65.895889 -25.914444 1.623 1.6254180065139325 92.11915066597972 271.3305396940345 30.5920742381 88.1517751339
2B NS20 5.98 P -67.370778 -25.931753 3.59 0.3050891075210815 102.61162766225968 282.46702637583667 5.96414888984 102.15596401
2B BB16 35.52 P -65.865694 -26.629639 2.224 1.815432651337145 115.29527086568815 294.4831603780981 34.1420161962 87.5561639519
2B BB18 26.72 P -66.362944 -26.542889 2.984 1.3790919872184861 119.71177983360786 299.1205297636253 25.9883388729 89.0042542777
2B EW06 32.79 P -66.127972 -26.849167 2.244 1.7193812741516825 125.24319374165015 304.54438587779686 32.3477199499 87.8533996076
2B EW05 29.83 P -66.295167 -26.785944 2.339 1.5609890080572897 126.4414298286443 305.81756245758663 29.3880959065 88.3651692854
2B NS01 6.79 P -67.426306 -26.098111 3.347 0.3397778124498568 133.2607217038431 313.140014165096 6.60009192811 100.539945478
X6 BB14 44.89 P -65.9785 -27.597099 1.854 2.316686885693526 138.75139114719371 317.97608593450184 43.280850015 49.0251783214
X6 BB15 37.03 P -66.369797 -27.3405 2.856 1.8957738632836107 141.37609602726184 320.779528699894 35.6425387499 87.3140271402
2B NS02 8.61 P -67.414333 -26.200694 3.341 0.423180816112483 142.44012033309988 322.31393596163923 8.14004701359 97.6437965937
2B EW01 20.85 P -67.010778 -26.740556 3.72 1.0721363145123546 144.85483737815377 324.5486034244372 20.2498482705 90.3054539555
2B NS03 10.45 P -67.386861 -26.315444 3.135 0.5314673625402905 147.91049851887468 327.7719730127656 10.152050514 95.1871911621
2B NS04 12.44 P -67.337139 -26.420028 3.076 0.6439471146813848 149.52207736637234 329.3613847893787 12.2490129574 93.5357242941
X6 BB13 38.99 P -66.598 -27.6413 0.937 2.030966584301796 151.2136528789108 330.7166861193193 38.1367626549 79.0870841342
X6 BB11 27.2 P -66.943604 -27.112499 2.193 1.4196767647803228 151.61230134141982 331.2740847632068 26.7469629436 88.8553346962
X6 EW10 15.6 P -67.262001 -26.591999 3.505 0.8267076820751786 151.59069422513278 331.39630044787043 15.6622142223 91.7822454812
X6 NS16 32.79 P -67.613403 -27.5686 1.608 1.7049157800423471 177.3641313809908 357.32436748904126 32.0774643565 87.8989890931
X6 NS10 21.85 P -67.688004 -27.051001 2.485 1.1855506979655004 179.4044692838371 359.3983048291317 22.3701962749 89.7678957661
X6 NS14 30.74 P -67.694199 -27.443701 1.839 1.5782007692389193 179.75381544765418 359.75038773382613 29.7097438247 88.3075752378
