X6 NS16 17.21 P -67.613403 -27.5686 1.608 0.8871294921787164 199.42958963399488 19.581500990959057 16.7947054693 91.9361641363
X6 NS14 15.71 P -67.694199 -27.443701 1.839 0.8010137105866315 207.28026303822992 27.468642540788608 15.1867241312 92.6165889057
X6 BB24 25.99 P -68.097702 -27.832701 3.117 1.3183921695383527 213.24091093600092 33.6155148399842 24.8524494265 89.5455662971
X6 NS13 15.07 P -67.773598 -27.336 2.022 0.7464955548958969 215.92875152945112 36.15287331896667 14.1691388913 93.0991928954
X6 NS11 10.59 P -67.702599 -27.112499 2.17 0.5349019443210351 224.61843790666586 44.80955295826453 10.2270323592 96.0011610001
X6 NS10 9.35 P -67.688004 -27.051001 2.485 0.4833176406544272 228.66650715271217 48.85081840103797 9.26943074047 97.1062903004
X6 BB02 16.43 P -68.089996 -27.111 3.81 0.8150325103031067 242.13653508634712 62.50305294866213 15.4484400165 92.4992762002
X6 NS09 7.53 P -67.652603 -26.910101 3.44 0.37662639318588526 241.76019768822997 61.92808804759562 7.29802002341 100.242752162
X6 EW18 23.69 P -68.552002 -26.906 4.475 1.147920170026256 261.0143793475885 81.58806423187805 21.6669349056 90.3369429692
X6 NS08 6.95 P -67.648399 -26.7841 4.19 0.3325361278393318 260.9697422373305 81.1353744192484 6.48955120126 102.067781363
X6 EW16 18.19 P -68.277 -26.851 4.705 0.8973861065598511 262.1798797377127 82.62905315729012 16.9862618979 91.8611846194
X6 EW15 15.79 P -68.162903 -26.7444 4.71 0.7881253271326543 268.92771380446476 89.32472231165586 14.9461304148 92.7268313048
X6 EW14 13.03 P -68.002602 -26.709 4.552 0.6453983359685519 271.9137498260464 92.23843405154052 12.2836828488 94.2311672215
X6 EW12 9.03 P -67.773598 -26.685101 3.735 0.4430032663122196 276.0157703261555 96.23739064648056 8.52260116834 98.1131294752
X6 EW13 10.95 P -67.877296 -26.6523 3.882 0.5391635533573012 278.4075203172737 98.67559653246353 10.3062340309 95.9193214083
X6 EW11 7.59 P -67.676201 -26.666201 3.755 0.3596390585015644 280.5149353928758 100.6927212987826 6.98589599499 100.892209369
X6 NS07 5.35 P -67.550499 -26.6677 3.517 0.2497188217946268 284.9509564393247 105.07226619813088 4.99062373681 107.01046013
X6 BB09 16.35 P -68.098801 -26.525101 3.787 0.7602901343914461 285.63730414760863 106.00407215040828 14.4265820278 92.9729885116
X6 NS06 4.01 P -67.440002 -26.616301 3.111 0.18380647027860314 309.127543143462 129.19914039008168 3.83368742383 113.490588032
2B BB05 22.48 P -68.243278 -26.009306 4.339 1.1255467649888788 309.75752342313996 130.18517986762964 21.2488627141 90.4540786043
X6 BB10 10.47 P -67.690697 -26.379 3.336 0.509410769437178 313.83219391566485 134.01557488741526 9.75365663192 96.5390048681
X6 BB08 18.25 P -67.917999 -26.016001 3.347 0.9161780550057471 321.2944986820642 141.57769758007265 17.3372468634 91.7268923624
X6 NS05 5.19 P -67.403397 -26.512501 3.037 0.24579516625070713 333.4251579199943 153.48022304920266 4.92056427691 107.314071653
2B NS03 8.33 P -67.386861 -26.315444 3.135 0.4276571430425589 347.1203050667983 167.16779690764076 8.23885071349 98.5489182622
2B NS02 10.93 P -67.414333 -26.200694 3.341 0.545015142084481 347.27287520648855 167.33251566208713 10.4150041673 95.8089583648
2B NS01 13.13 P -67.426306 -26.098111 3.347 0.6475698770882024 348.33514124655244 168.40000126635374 12.3241517543 94.2024236808
X6 EW10 3.21 P -67.262001 -26.591999 3.505 0.14135354674363715 6.72564261026338 186.71733527738553 3.12436786102 120.019927645
2B NS21 16.83 P -67.294083 -25.839222 4.095 0.8932418505363809 359.21659742802194 179.22260662890636 16.9088612655 91.8913350907
2B NS22 18.41 P -67.265917 -25.756694 4.379 0.9757748317402184 0.7720147448076454 180.7655596709546 18.4505047165 91.3256699338
2B NS24 21.57 P -67.234444 -25.582833 4.317 1.1502914722386366 2.0703549185811205 182.05004431156902 21.7112456966 90.3246694288
2B NS23 20.24 P -67.226417 -25.662889 4.418 1.070592895923681 2.6106228050160896 182.58673962485432 20.2220233367 90.7543783493
2B NS25 22.9 P -67.210333 -25.517667 4.214 1.2163470843374684 2.98495647061307 182.95405183722036 22.9455941412 90.0
2B GALAN 18.25 P -66.948139 -25.844667 4.63 0.9363954955155861 18.630356341482237 198.48314548986824 17.714882272 91.5867063945
X6 BB19 9.69 P -67.061501 -26.306299 4.419 0.46898774384556186 24.74824332830244 204.65045328098688 9.0037215366 97.4370580731
X6 EW09 2.41 P -67.184097 -26.684099 3.898 0.09873965791855022 60.74792593917218 240.70459155003644 2.47022283141 130.0682604
2B BB18 16.74 P -66.362944 -26.542889 2.984 0.8417820014147902 77.19677109637665 256.7853743754416 15.9478786292 92.2827002142
2B BB16 25.32 P -65.865694 -26.629639 2.224 1.2683317502427205 85.67154561518721 265.0362330399663 23.9170083277 89.7618236342
2B EW01 5.31 P -67.010778 -26.740556 3.72 0.24103586096248458 92.00429456619175 271.8829435231561 4.83574809902 107.69424334
2B EW02 7.84 P -66.837028 -26.750694 3.213 0.396476093896469 92.747163394062 272.54760873397595 7.6634088745 99.533536944
2B EW05 17.17 P -66.295167 -26.785944 2.339 0.8814498687290935 93.70556641441746 273.26191379626016 16.6886340518 91.978208653
2B EW06 20.05 P -66.127972 -26.849167 2.244 1.0354296903744562 96.73567593943358 276.21617206745486 19.5650200923 90.9576295313
2B EW07 21.85 P -66.044 -26.894972 2.295 1.1154699940101267 98.65983427856492 278.10203664549465 21.0605692013 90.5077195788
2B EW08 25.92 P -65.788833 -26.936083 2.491 1.3465393452038723 99.03715563920173 278.3637634577537 25.3784030118 89.4290462708
2B EW03 9.41 P -66.757 -26.858917 3.238 0.48412739914047354 105.26920667575307 285.0332000044656 9.28445108661 97.0881415508
X6 BB15 19.35 P -66.369797 -27.3405 2.856 1.0138179157523048 127.06376064920806 306.64977503172423 19.161236871 91.0874042932
X6 BB11 9.55 P -66.943604 -27.112499 2.193 0.48448599584796503 141.75788974831758 321.6053411194124 9.29110289878 97.0801153266
X6 BB13 20.83 P -66.598 -27.6413 0.937 1.0930244603533255 146.41446493098832 326.1026158999284 20.6411605339 90.6294233357
