2B GALAN 3.79 P -66.948139 -25.844667 4.63 0.17003590810681649 180.93984481129692 0.9411916292411604 3.61307652414 115.829059436
2B EW01 20.59 P -67.010778 -26.740556 3.72 1.0675324606641725 183.15267737151467 3.181710170637672 20.1652852136 90.8885748426
X6 BB19 12.29 P -67.061501 -26.306299 4.419 0.6402606755461886 189.38466579312896 9.435702325470658 12.1903786578 94.4994336225
X6 EW09 19.59 P -67.184097 -26.684099 3.898 1.0319893037667867 191.94578674570513 12.051258811650001 19.5012989985 91.0986373453
X6 EW10 18.29 P -67.262001 -26.591999 3.505 0.9604646819575902 197.16419186223123 17.303805721132363 18.1652968327 91.5533920197
X6 NS16 37.63 P -67.613403 -27.5686 1.608 1.9859475740659747 197.36073518145548 17.660269971046603 37.283052527 79.2729657954
2B NS04 15.56 P -67.337139 -26.420028 3.076 0.8244248585694203 205.21022098505819 25.382401185630783 15.6251261558 92.5623207656
X6 BB24 44.67 P -68.097702 -27.832701 3.117 2.3908857694360717 205.24114713744413 25.760130553485652 44.2329248726 49.0617728646
X6 NS10 28.53 P -67.688004 -27.051001 2.485 1.5288700707584573 205.6474772786882 25.977420897678513 28.7843994408 88.8070254014
X6 NS09 26.05 P -67.652603 -26.910101 3.44 1.3887825033709413 207.02306923545663 27.336507042968663 26.1673497913 89.3432886013
X6 NS07 21.63 P -67.550499 -26.6677 3.517 1.1319881259539981 208.5541588432361 28.821211243804584 21.3694801625 90.530497792
X6 NS08 23.89 P -67.648399 -26.7841 4.19 1.2762944375259095 209.4718910303065 29.78276939429503 24.0656793668 89.8230076496
2B NS03 14.37 P -67.386861 -26.315444 3.135 0.7538669584222434 211.69156206583511 31.88521313207329 14.308391252 93.1914295143
X6 EW11 22.49 P -67.676201 -26.666201 3.755 1.1890135489769704 213.3360756814466 33.65856448984792 22.4349206013 90.2331074898
X6 BB02 33.17 P -68.089996 -27.111 3.81 1.764899933646015 215.27561212103245 35.784625017895536 33.1926261708 87.9929716304
X6 EW12 23.67 P -67.773598 -26.685101 3.735 1.2545344054695386 216.16633337978544 36.531904810504045 23.6591144258 89.9247685626
2B NS02 14.94 P -67.414333 -26.200694 3.341 0.6744017510986967 218.63632705770956 38.84159570850608 12.8265038545 94.0531928907
X6 EW13 24.53 P -67.877296 -26.6523 3.882 1.2868130073366746 220.3546116756944 40.76569713114432 24.2622078019 89.7749298635
X6 EW14 26.69 P -68.002602 -26.709 4.552 1.4037001518604595 222.3029842968695 42.76979843500399 26.4460518765 89.2835964872
X6 BB10 18.57 P -67.690697 -26.379 3.336 0.9721340254099637 223.40707905692506 43.73427724192152 18.3832501826 91.4760293605
2B NS01 11.76 P -67.426306 -26.098111 3.347 0.6056259862024279 225.5320090282022 45.74212641255042 11.545512552 95.0098580194
2B NS19 10.69 P -67.407083 -26.038944 3.404 0.552796878048165 228.67632451214527 48.87783417788424 10.5629048672 95.8980547727
X6 EW19 38.19 P -68.666 -26.881001 4.575 1.9586426678554354 231.60464843519594 52.366647410685005 36.7818006728 79.2732824899
2B NS20 9.02 P -67.370778 -25.931753 3.59 0.46153031246226023 236.05497589917434 56.24029290511356 8.86983727481 97.8853736016
2B NS21 7.14 P -67.294083 -25.839222 4.095 0.3548340599239172 242.2924102402751 62.44408892092986 6.90395824783 101.406873987
X6 BB08 18.53 P -67.917999 -26.016001 3.347 0.93981501587513 248.49125090684544 68.9154159218803 17.7796335057 91.6935493074
2B NS22 6.29 P -67.265917 -25.756694 4.379 0.30051200323223126 254.0875243420415 74.22675499057179 5.91378444764 104.051607166
2B BB05 23.97 P -68.243278 -26.009306 4.339 1.2153867299185923 253.7351721972558 74.30108401007638 22.9276766179 90.0961575845
2B BB06 25.03 P -68.372254 -25.545861 3.833 1.2934192044343316 275.4059405021112 96.02287607902876 24.3856373302 89.7452791993
X6 BB07 12.58 P -67.618103 -25.516001 3.399 0.6274036691929613 284.50196910311683 104.79274353056545 11.9509327569 94.681379779
2B NS24 5.54 P -67.234444 -25.582833 4.317 0.27661547781235846 289.3242081271686 109.44938664450376 5.48203666827 105.498427968
2B NS25 5.7 P -67.210333 -25.517667 4.214 0.28616255489941733 303.2132141300938 123.32782769590455 5.65417888594 104.89517835
2B NS26 6.97 P -67.206639 -25.41475 4.035 0.3510824353775153 317.699889632084 137.81269553642966 6.83526652529 101.566032137
2B BB20 5.22 P -66.786583 -25.438806 4.284 0.2757895685922794 31.255310079118345 211.1869508268003 5.46716835194 105.55229817
2B BB21 18.31 P -65.941444 -25.535861 2.507 0.9156137644836462 81.49834056891572 261.06460865475907 17.3276735654 91.8633473226
2B BB17 19.62 P -65.895889 -25.914444 1.623 0.9745704161956916 104.47153632703825 284.0149917097949 18.4287566424 91.4600404506
2B BB16 27.2 P -65.865694 -26.629639 2.224 1.3603762841522125 134.82378129268437 314.3480248781467 25.6366355906 89.4590344146
2B EW22 32.84 P -65.692889 -26.951917 2.052 1.7003233602808836 138.9681186524651 318.413014111053 31.9867359705 88.2071359981
2B EW06 26.63 P -66.127972 -26.849167 2.244 1.384319693399982 148.22153018991753 327.8599740098976 26.0839717463 89.3612874118
2B EW05 24.18 P -66.295167 -26.785944 2.339 1.2549022194247705 152.46273331362343 332.17548628001254 23.6659866808 89.9227088666
X6 BB14 40.21 P -65.9785 -27.597099 1.854 2.107629783119106 156.0155864085331 335.5821990747808 39.5168357106 79.2713325728
