2B NS04 10.61 P -67.337139 -26.420028 3.076 0.5522857819912735 184.19944173650615 4.219340763316808 10.6107020324 98.9274320729
X6 NS18 38.47 P -67.628998 -27.900801 1.376 2.053682337088358 188.3406867938439 8.49311113489253 38.4460452389 79.8018639288
X6 NS05 12.53 P -67.403397 -26.512501 3.037 0.6509918281055631 188.80976176980016 8.858937877920738 12.434135853 97.0023927778
X6 NS17 36.01 P -67.624702 -27.707899 1.496 1.8624982071753549 189.1015491649441 9.25152641181316 34.9363861967 79.8047646809
X6 NS16 32.67 P -67.613403 -27.5686 1.608 1.723446754861689 189.51747747423613 9.662009923501898 32.3837342213 79.8062822753
X6 NS15 30.85 P -67.603302 -27.479601 1.646 1.634217923788079 189.7314753481012 9.871248111769205 30.7446379394 90.4113822951
X6 NS06 14.47 P -67.440002 -26.616301 3.111 0.7587741726358173 190.0444447713965 10.109897887280653 14.4328735264 95.4560467006
2B NS03 8.96 P -67.386861 -26.315444 3.135 0.4542753099681266 190.79054243341187 10.832273231160542 8.81141541715 101.572027366
X6 NS14 30.71 P -67.694199 -27.443701 1.839 1.6149785145574636 192.7710128191498 12.951482010991583 30.3857934782 90.4493236373
X6 NS07 15.81 P -67.550499 -26.6677 3.517 0.8314390910302517 196.13270951192553 16.247127195888424 15.7829813728 94.6072805419
X6 NS13 29.71 P -67.773598 -27.336 2.022 1.5286704664054558 196.254472232565 16.47015941478827 28.7760407977 90.6395437926
X6 NS11 25.79 P -67.702599 -27.112499 2.17 1.2964429486767362 196.37631957723153 16.559489697490307 24.4451149071 91.3655265659
X6 NS10 22.63 P -67.688004 -27.051001 2.485 1.2338020837209076 196.6116951004168 16.788163339445532 23.2771369148 91.653466019
2B NS02 7.45 P -67.414333 -26.200694 3.341 0.34921802665394236 198.3225304062011 18.376233768199256 6.90682683018 105.849631494
X6 NS09 20.27 P -67.652603 -26.910101 3.44 1.0898440763026107 197.1623351564752 17.322629606514937 20.5937575747 92.4664941169
X6 NS08 17.99 P -67.648399 -26.7841 4.19 0.9690349544105571 199.1692598528844 19.327332983640815 18.3432759715 93.3286083257
X6 BB24 39.19 P -68.097702 -27.832701 3.117 2.0909013297985606 199.92758278286453 20.29156252663674 39.1292881869 79.8011904282
X6 EW11 16.59 P -67.676201 -26.666201 3.755 0.8682553148639984 203.2949642997575 23.46501207286991 16.4676169628 94.2261898928
2B NS01 5.67 P -67.426306 -26.098111 3.347 0.25877729121148013 207.78509036326315 27.843940735933927 5.30862438928 111.821672964
X6 EW12 17.73 P -67.773598 -26.685101 3.735 0.9231089425011109 207.78651965887005 27.999745049960467 17.4883097826 93.7199356911
2B NS19 4.65 P -67.407083 -26.038944 3.404 0.19877931741301513 211.35063209284792 31.401007080496015 4.2926842431 118.072128112
X6 BB02 27.09 P -68.089996 -27.111 3.81 1.4325084860210717 209.72931472895004 30.085290027090963 26.9825658619 90.8908572291
X6 EW13 18.35 P -67.877296 -26.6523 3.882 0.942715858437363 213.70563979828415 33.964624938972435 17.8532680201 93.5479280975
X6 BB10 12.31 P -67.690697 -26.379 3.336 0.6229085944223038 214.9908963720978 35.16646059911611 11.9145436862 97.4967240555
X6 EW14 20.51 P -68.002602 -26.709 4.552 1.0540977763506107 217.0304193144186 37.34516612178052 19.927682975 92.6998800833
2B NS20 3.11 P -67.370778 -25.931753 3.59 0.09451604282291766 228.5695281685229 48.60394789464979 2.74868233082 139.031784307
X6 EW15 23.07 P -68.162903 -26.7444 4.71 1.172786128584457 221.54352110379352 41.92951210266125 22.1396333288 91.9712763152
X6 EW16 25.89 P -68.277 -26.851 4.705 1.3201560208208398 221.7375516436403 42.17493661167677 24.8872954959 91.2650954935
X6 EW17 28.47 P -68.427002 -26.885 4.38 1.437262337812429 224.77977658882557 45.284074255055316 27.0712257733 90.877461531
2B NS21 2.37 P -67.294083 -25.839222 4.095 0.030069613706392304 356.3911091941043 176.39202627668845 2.16783735045 164.661349829
X6 BB09 19.93 P -68.098801 -26.525101 3.787 0.9768563009011372 227.64702843119824 48.00321939627048 18.4889160349 93.2658612812
X6 EW18 30.35 P -68.552002 -26.906 4.475 1.5326010098243694 227.1534216156994 47.71346880291583 28.8493492975 90.630156669
X6 BB03 47.09 P -69.257004 -27.488001 4.48 2.3880777447903503 226.88828303077784 47.770707505026905 43.9027538376 49.1738429677
X6 EW19 31.59 P -68.666 -26.881001 4.575 1.5934029012491517 230.27921763225373 50.88966797555469 29.9833773541 90.4937779477
X6 EW20 33.11 P -68.766998 -26.91 4.455 1.6819497998344013 231.4473283578528 52.10298989250201 31.6219472228 79.8066376476
X6 BB08 12.39 P -67.917999 -26.016001 3.347 0.5817542321648644 255.25034573073634 75.52421316427079 11.1541113676 98.2840113487
X6 BB22 34.95 P -69.237 -26.157 3.455 1.7714872671044113 260.22563773888766 81.07874740980506 33.2656444596 79.8058147285
X6 BB23 38.99 P -69.426003 -25.367001 2.81 1.9886714953775313 284.1649387737126 105.08772377274511 37.2526136086 79.8029554852
2B NS22 3.37 P -67.265917 -25.756694 4.379 0.11495776304533406 11.782272098543357 191.77092335617095 3.01297839675 133.329393984
2B GALAN 6.91 P -66.948139 -25.844667 4.63 0.3103911051748841 85.53573948082595 265.3857811948943 6.21399757772 108.053514085
2B EW22 34.64 P -65.692889 -26.951917 2.052 1.795341778412927 127.44140002105092 306.73005478360085 33.7035563854 79.8055602624
2B EW08 33.08 P -65.788833 -26.936083 2.491 1.7177695943153322 128.72551212108746 308.0570379100359 32.2795148894 79.8063335519
2B EW07 29.57 P -66.044 -26.894972 2.295 1.5172366053212838 132.81137645544044 312.2567900447243 28.5627886963 90.6672468904
2B EW06 27.55 P -66.127972 -26.849167 2.244 1.4310956251578855 133.47191529499239 312.95506580058293 26.9562158835 90.8948577728
2B EW05 24.79 P -66.295167 -26.785944 2.339 1.2800470904722747 135.95735526760194 315.5152428075347 24.139390128 91.4378650359
X6 BB15 32.27 P -66.369797 -27.3405 2.856 1.6865424052388924 150.9378536025243 330.524826586256 31.7062567542 79.8066005354
2B EW03 21.07 P -66.757 -26.858917 3.238 1.0996499634977361 154.27591727160126 334.0383366034346 20.7764935035 92.4046358505
2B EW02 18.67 P -66.837028 -26.750694 3.213 0.9712307613838165 155.27208134384375 335.07042748391723 18.3841627539 93.3108834975
X6 BB13 35.71 P -66.598 -27.6413 0.937 1.8772784568583167 160.88089399327833 340.56843731635865 35.2077154452 79.8045739329
2B EW01 17.71 P -67.010778 -26.740556 3.72 0.9070552749837829 163.92642221135225 343.8018043703606 17.1894985042 93.8566505296
X6 BB11 24.79 P -66.943604 -27.112499 2.193 1.2817661168128172 165.9985803613329 345.8431759292015 24.1714434588 91.430176023
X6 BB12 31.67 P -67.124496 -27.5131 2.152 1.6506636645786747 174.83628677241504 354.76104831538385 31.0476064382 79.8068757386
X6 EW10 13.91 P -67.262001 -26.591999 3.505 0.7232670947565416 177.87580257118287 357.86255203210334 13.7738231743 95.9212684397
