2B EW03 15.14 P -66.757 -26.858917 3.238 0.7958368183061955 186.19992563345832 6.242857745162837 15.1338897665 80.5905054765
2B EW02 13.29 P -66.837028 -26.750694 3.213 0.7009568894454279 192.98437561300017 13.062821477439144 13.3549364422 81.5783769457
X6 NS18 38.17 P -67.628998 -27.900801 1.376 2.025961404820864 204.9908245741296 25.430268221027404 38.1649739784 80.0231290481
2B EW01 14.43 P -67.010778 -26.740556 3.72 0.7422825171897969 204.91296610160356 25.068666286090718 14.130477661 80.8800908619
X6 NS17 35.67 P -67.624702 -27.707899 1.496 1.851819059274828 207.44864616205504 27.88468203830709 34.9074798774 80.1624520391
X6 NS16 33.01 P -67.613403 -27.5686 1.608 1.724928492507974 209.31920165659938 29.74908624912291 32.5330092123 80.2516629086
X6 NS14 32.29 P -67.694199 -27.443701 1.839 1.656751970119394 213.6196594325089 34.084989240351405 31.25700776 80.2962762996
X6 BB24 41.49 P -68.097702 -27.832701 3.117 2.1807456040878193 215.64873941306416 36.30013437601451 41.0591189953 79.8851614681
X6 NS13 31.89 P -67.773598 -27.336 2.022 1.6114806865604452 217.84655877399783 38.34669837626254 30.409602732 80.3240019341
X6 NS11 27.55 P -67.702599 -27.112499 2.17 1.3998376831193793 221.4958260307006 41.96223245205957 26.4471591134 80.4366902679
X6 NS09 23.55 P -67.652603 -26.910101 3.44 1.223806241382715 226.28534156431328 46.72779325998658 23.150576923 80.5081815198
X6 EW10 14.65 P -67.262001 -26.591999 3.505 0.7518554968365909 225.66033508822224 45.92705740725799 14.309926486 80.7186788976
X6 BB02 32.77 P -68.089996 -27.111 3.81 1.6498313779385776 230.4607441836886 51.100558142159514 31.1274699255 80.3005951091
X6 NS08 22.47 P -67.648399 -26.7841 4.19 1.138202142818669 230.77892454893043 51.218525336558514 21.5472271022 80.5352943845
X6 NS07 20.17 P -67.550499 -26.6677 3.517 0.9977635878460892 232.84188258797508 53.237098739456115 18.9166021861 80.568489631
X6 NS05 15.33 P -67.403397 -26.512501 3.037 0.8007612551205741 236.09858726163122 56.42756370544964 15.2261419763 80.5903454617
X6 BB19 8.85 P -67.061501 -26.306299 4.419 0.4316006078606752 236.3614567912947 56.53834956055951 8.26982743538 86.4751913797
2B NS04 13.55 P -67.337139 -26.420028 3.076 0.7015884386347531 239.71244172021625 60.01157987558426 13.3667993147 81.5678449096
X6 EW13 25.81 P -67.877296 -26.6523 3.882 1.2369472495324627 241.53049342622418 62.07071518596433 23.3966941535 80.5035689077
X6 EW14 27.47 P -68.002602 -26.709 4.552 1.362430488241087 241.6265639469099 62.223025630316144 25.7466841646 80.4536152194
X6 EW15 29.87 P -68.162903 -26.7444 4.71 1.5060406798497683 242.97028831573974 63.638423173912244 28.4356845355 80.3836859089
X6 BB09 27.97 P -68.098801 -26.525101 3.787 1.3680091657540174 250.15224042746817 70.78939054661261 25.8511508152 80.4511496149
2B NS02 14.05 P -67.414333 -26.200694 3.341 0.6895524734936017 258.7195395984641 79.05151780959724 13.140604599 81.7685593101
2B NS01 13.78 P -67.426306 -26.098111 3.347 0.6883387417873411 267.3051374344773 87.64177395987545 13.1177853789 81.789241451
2B BB05 28.07 P -68.243278 -26.009306 4.339 1.4231722097232566 272.0067085287076 92.70147447463428 26.8840962147 80.425668335
2B NS20 12.82 P -67.370778 -25.931753 3.59 0.6525809081632673 281.8742342964415 102.18552986492881 12.4452614478 82.4149083229
2B BB06 31.65 P -68.372254 -25.545861 3.833 1.6268585158548243 288.33750918098644 109.0826835839154 30.6974583773 80.3147236671
2B NS21 11.99 P -67.294083 -25.839222 4.095 0.6136843902155225 291.72574263163125 112.00295720376161 11.7125574238 83.1020206066
2B NS22 12.35 P -67.265917 -25.756694 4.379 0.6270110498965948 299.61107924270937 119.87557532676571 11.9637191451 82.8655352118
2B GALAN 6.73 P -66.948139 -25.844667 4.63 0.34144577133550763 310.735266485675 130.86109151560137 6.55972497448 88.3588257162
2B NS24 13.73 P -67.234444 -25.582833 4.317 0.7084536922616295 313.07054214078255 133.32050236178745 13.4957327684 81.4524139597
2B NS25 14.34 P -67.210333 -25.517667 4.214 0.7399613393010024 317.903206918123 138.142382602685 14.0869549504 80.9192893951
2B NS26 15.96 P -67.206639 -25.41475 4.035 0.817490855314616 322.8970872254401 143.13421505455273 15.5395464762 80.5896564017
2B BB20 11.82 P -66.786583 -25.438806 4.284 0.6391045199382052 349.7508271461054 169.8055407094012 12.1915284943 82.6518917217
2B BB21 16.83 P -65.941444 -25.535861 2.507 0.8379696030039613 50.75533382559471 230.442281015018 15.923184691 80.5885102083
2B BB17 14.46 P -65.895889 -25.914444 1.623 0.704314299525054 77.59432367544308 257.2591720870025 13.4179973592 81.5221629358
2B BB16 17.95 P -65.865694 -26.629639 2.224 0.9072888941833399 128.43969295407683 308.08685152391695 17.2217628666 80.5822064472
2B EW22 24.19 P -65.692889 -26.951917 2.052 1.2376102984811503 135.80859262615965 315.3766050269481 23.4091122743 80.5033330245
2B EW07 19.15 P -66.044 -26.894972 2.295 0.9944439419478962 146.42342173385134 326.1484391159426 18.8544173946 80.5691007286
2B EW06 17.26 P -66.127972 -26.849167 2.244 0.9154273557762783 148.72228467404162 328.48493875090594 17.3742212158 80.5812245165
2B BB18 10.83 P -66.362944 -26.542889 2.984 0.5449484725093621 150.74191645494057 330.60998043790784 10.4152034908 84.3334764714
2B EW05 15.21 P -66.295167 -26.785944 2.339 0.7892412035779733 155.5805281024231 335.4178595457971 15.0103303868 80.5906890215
X6 BB15 24.99 P -66.369797 -27.3405 2.856 1.2989847103497907 168.52621691675785 348.39549916299677 24.5585442595 80.480199245
X6 BB13 29.85 P -66.598 -27.6413 0.937 1.5745256254252962 177.97938057671257 357.9510722469763 29.7178144825 80.3457061584
