X6 NS18 19.23 P -67.628998 -27.900801 1.376 1.0086663040034598 194.32525729056934 14.455268592569837 19.0775650307 92.5521215856
X6 NS17 16.09 P -67.624702 -27.707899 1.496 0.8221251669645306 197.42608637472114 17.553702346491747 15.6037432434 94.2374604218
X6 NS16 13.81 P -67.613403 -27.5686 1.608 0.6870595432700266 200.13430976312551 20.256451363340773 13.0940373892 95.9549830978
X6 NS15 12.05 P -67.603302 -27.479601 1.646 0.6008805160127895 202.27134511711947 22.388684482232264 11.4969447913 97.3719360257
X6 NS14 12.37 P -67.694199 -27.443701 1.839 0.6049110086340282 210.6602569201267 30.819051126458987 11.5715133996 97.2953555305
X6 BB24 21.73 P -68.097702 -27.832701 3.117 1.1273658464703737 216.0988187242333 36.44423029099761 21.2903519893 91.7293081814
X6 NS13 11.61 P -67.773598 -27.336 2.022 0.560649713881197 222.57412022951436 42.76883039755768 10.7532710268 98.176226153
X6 NS11 8.45 P -67.702599 -27.112499 2.17 0.36903695924797536 239.16312954599687 59.32484393992618 7.24361144919 104.165908839
X6 BB02 13.73 P -68.089996 -27.111 3.81 0.6882087184933003 254.0456486500559 74.38334178465328 13.1153628647 95.9383220513
X6 EW20 25.25 P -68.766998 -26.91 4.455 1.2665728633516644 270.3017807352552 90.94481085743597 23.8865491587 90.9126829066
X6 EW18 21.69 P -68.552002 -26.906 4.475 1.0749623554907093 270.67480297139264 91.22045722907782 20.3133022125 92.0734364227
X6 EW19 23.65 P -68.666 -26.881001 4.575 1.1773714048846464 271.7836090293273 92.38061470052524 22.2228542902 91.4238974643
X6 EW16 16.93 P -68.277 -26.851 4.705 0.8329911733412623 274.80185843986226 95.22262172035695 15.8058973618 94.119784838
X6 NS09 5.73 P -67.652603 -26.910101 3.44 0.27318097140854997 272.8006959668482 92.93921649454532 5.53190761023 109.798591674
X6 EW15 16.09 P -68.162903 -26.7444 4.71 0.7501488444757409 283.6503706104194 104.01885538764138 14.265425201 95.0723961113
X6 EW14 12.75 P -68.002602 -26.709 4.552 0.6235933102401405 289.99826836499875 110.29420874255874 11.9173111886 96.9512720653
X6 NS08 6.57 P -67.648399 -26.7841 4.19 0.30331543035870934 297.35161741345405 117.4879389220215 6.06429890684 107.703637055
X6 EW13 11.29 P -67.877296 -26.6523 3.882 0.5460020666493305 299.6958986312868 119.93507392357665 10.4829091044 98.4988899321
X6 BB09 16.69 P -68.098801 -26.525101 3.787 0.7812201277274845 300.51596733285965 120.8542313247275 14.8429388853 94.6904373198
X6 EW12 9.33 P -67.773598 -26.685101 3.735 0.4496743016928535 301.9616957182326 122.1542434240832 8.71185138461 101.088034765
X6 EW11 8.21 P -67.676201 -26.666201 3.755 0.3910215685412632 311.12871634933634 131.27729425195938 7.64209708983 103.216665533
2B BB05 24.09 P -68.243278 -26.009306 4.339 1.2167754387394059 318.52392504994083 138.9235647248062 22.9577393736 91.1909130244
X6 NS07 6.57 P -67.550499 -26.6677 3.517 0.3141607898573324 324.5532593838208 144.64517287457153 6.25739136166 107.032568247
2B BB06 31.78 P -68.372254 -25.545861 3.833 1.6567922801576238 326.0422871018579 146.49571442652677 31.1657813415 89.1763325068
X6 BB08 20.29 P -67.917999 -26.016001 3.347 1.0419538935093429 330.4732264223777 150.7279176368439 19.6979827106 92.3057003173
X6 NS05 8.19 P -67.403397 -26.512501 3.037 0.4143935625090259 352.95692607755944 172.98245553419298 8.06738408616 102.309117968
2B NS02 14.19 P -67.414333 -26.200694 3.341 0.7256173882751406 355.1965378607265 175.2268199011785 13.8097088921 95.3939360107
2B NS20 18.59 P -67.370778 -25.931753 3.59 0.992261942186417 358.7450810330888 178.75583564320112 18.7718609336 92.6778968791
2B NS04 9.72 P -67.337139 -26.420028 3.076 0.5038221617744172 0.9651380443041151 180.96088440820037 9.70584437021 99.5344507531
2B NS21 20.98 P -67.294083 -25.839222 4.095 1.0855775032340365 2.496327305945953 182.4729838776128 20.5112028625 92.0016619821
2B NS22 22.28 P -67.265917 -25.756694 4.379 1.1693233933982143 3.563819354548639 183.52801173781336 22.0727626377 91.4692373392
2B NS24 25.52 P -67.234444 -25.582833 4.317 1.344714016207619 4.315307738282322 184.26568655866762 25.3441563275 90.5164000351
2B NS26 29.11 P -67.206639 -25.41475 4.035 1.5142487526852768 4.789950066084422 184.7282118473061 28.5067860484 89.7103374633
2B NS25 26.66 P -67.210333 -25.517667 4.214 1.4114165841942785 4.99948222718255 184.9392641473719 26.5884638692 90.1917604827
X6 EW10 6.91 P -67.262001 -26.591999 3.505 0.34027376853406793 12.847753909305801 192.8096587114035 6.72497236889 105.568980248
2B GALAN 21.99 P -66.948139 -25.844667 4.63 1.1366188928558836 18.392992086816005 198.21590550269352 21.4628903663 91.6703237732
X6 BB19 13.33 P -67.061501 -26.306299 4.419 0.6680236828780275 22.495365950731923 202.36763458988213 12.7408637748 96.2361300208
2B BB17 32.03 P -65.895889 -25.914444 1.623 1.645183394397172 52.48170921626515 231.83617930099047 30.9492405294 89.1763864647
2B EW01 7.46 P -67.010778 -26.740556 3.72 0.351251411299628 58.63430560530182 238.48271543341335 6.92251310972 105.009978465
2B BB18 18.8 P -66.362944 -26.542889 2.984 0.957536788654318 66.7823890871368 246.33988471350688 18.1248403925 92.9539130315
2B EW02 9.62 P -66.837028 -26.750694 3.213 0.4865291344095231 69.27548562614163 249.0454272646079 9.38786902281 99.995769197
2B BB16 26.67 P -65.865694 -26.629639 2.224 1.3544350017396396 77.79163305717198 257.1244246279075 25.5254941984 90.4686882067
2B EW03 10.39 P -66.757 -26.858917 3.238 0.5298420648783226 83.10176072088927 262.8350759195622 10.1849402236 98.8780741588
2B EW05 18.41 P -66.295167 -26.785944 2.339 0.9481226309800443 81.87865484238274 261.40367118407596 17.9494600371 93.0323237606
2B EW06 21.1 P -66.127972 -26.849167 2.244 1.089466530899083 86.34875247607495 265.79763603497156 20.5837081457 91.9752405288
2B EW07 22.81 P -66.044 -26.894972 2.295 1.161924394036958 88.87419608081336 268.284637550784 21.9347787986 91.5123410154
2B EW08 26.81 P -65.788833 -26.936083 2.491 1.3889034895125245 90.86032067631352 270.1547658501852 26.168487309 90.3008410273
X6 BB15 18.83 P -66.369797 -27.3405 2.856 0.9640407539268346 115.83339119404138 295.38790752713373 18.2460131719 92.9006015079
X6 BB13 18.93 P -66.598 -27.6413 0.937 0.9785181184512763 137.3321033069804 316.9889435285421 18.5157754635 92.7898683573
