X6 NS16 24.89 P -67.613403 -27.5686 1.608 1.2893201066162103 230.3500673563155 50.86127025336225 24.2789301139 86.5656414743
X6 BB24 33.58 P -68.097702 -27.832701 3.117 1.789902531230491 232.42615539669293 53.16175781885627 33.4683895352 86.546132181
X6 NS15 23.61 P -67.603302 -27.479601 1.646 1.2278297980473487 233.3088481318981 53.814670076462704 23.1501091379 86.5666994835
X6 BB25 38.54 P -68.542603 -27.619499 4.1 2.0193023779124926 244.03924676970527 64.97548971532242 37.6795225665 86.5308860999
X6 BB01 31.04 P -68.143997 -27.424 3.455 1.6164724791212846 244.99523818133713 65.74681508637951 30.2846638525 86.5550566339
X6 NS10 21.27 P -67.688004 -27.051001 2.485 1.1068281020501254 253.9662208207535 74.50666232805477 20.9287927167 86.5678974137
X6 BB02 28.34 P -68.089996 -27.111 3.81 1.468299625827908 255.41870987685303 76.1417992597614 27.5645737659 86.5608742224
X6 NS09 20.32 P -67.652603 -26.910101 3.44 1.0465460109313618 260.95563822381104 81.47878868341533 19.8221245024 86.6252575871
X6 EW17 34.26 P -68.427002 -26.885 4.38 1.730734729040205 265.1005180722763 85.9728658071171 32.3822256416 86.5494310356
X6 EW19 38.17 P -68.666 -26.881001 4.575 1.943205726154838 265.65375942249 86.63389166611331 36.282610608 86.5363733349
X6 NS08 21.29 P -67.648399 -26.7841 4.19 1.0316491748894452 267.86243306638477 88.38255195737958 19.5485012887 87.1541866182
2B EW01 9.43 P -67.010778 -26.740556 3.72 0.4619938253874318 271.09200902044455 91.32477648765862 9.16883422675 105.469792947
X6 EW14 26.98 P -68.002602 -26.709 4.552 1.348416594523793 271.41561786941503 92.0943920458548 25.3638046507 86.5643436717
X6 EW12 22.23 P -67.773598 -26.685101 3.735 1.1452320840946597 272.9756995599066 93.5512214325921 21.6338029361 86.5676457081
X6 EW11 21.48 P -67.676201 -26.666201 3.755 1.059807140404424 274.2853741128053 94.81692855617034 20.0655940508 86.5680379543
X6 EW13 24.09 P -67.877296 -26.6523 3.882 1.2400561501129759 274.2215493296972 94.84334463290101 23.3745570089 86.5665130022
X6 NS07 18.52 P -67.550499 -26.6677 3.517 0.9477757747026815 274.76200091388773 95.23706691268464 18.0065801168 90.2789252142
X6 EW09 12.64 P -67.184097 -26.684099 3.898 0.6203623325104567 275.97048762285976 96.2809512811417 12.0132605782 99.5081457909
X6 EW10 13.87 P -67.262001 -26.591999 3.505 0.7046937316138376 282.8088226414207 103.15376055086386 13.5480946136 97.0310458308
X6 BB10 22.5 P -67.690697 -26.379 3.336 1.1333059857720849 288.8561753871991 109.39156624022856 21.4148667762 86.5677367959
2B NS04 15.82 P -67.337139 -26.420028 3.076 0.8235209707457967 293.4544106367771 113.83194651750286 15.7233342089 93.8217167559
2B NS03 17.41 P -67.386861 -26.315444 3.135 0.9098634712344031 298.3503523929131 118.74941329909119 17.3094510413 91.485213818
X6 BB08 28.86 P -67.917999 -26.016001 3.347 1.4722503365281212 299.5995475755505 120.23257117711115 27.6370993304 86.5607409501
2B NS02 21.16 P -67.414333 -26.200694 3.341 0.9906483574615792 303.4903148812836 123.90082514479128 18.7949874146 88.7720572181
2B BB06 39.93 P -68.372254 -25.545861 3.833 2.07231681335683 305.11720178110534 125.94523780233314 38.6527076593 86.5268135055
2B NS01 20.61 P -67.426306 -26.098111 3.347 1.0597482539182437 307.773651650147 128.18875432893157 20.0645130278 86.5680380234
X6 BB19 13.22 P -67.061501 -26.306299 4.419 0.6747981401598638 311.01829536977124 131.27196799767387 13.0028944515 97.8738456746
2B NS20 21.61 P -67.370778 -25.931753 3.59 1.1349091092765642 315.9613483753494 136.3506014331366 21.4442964949 86.5677252265
X6 BB07 30.91 P -67.618103 -25.516001 3.399 1.5945826797070566 320.46947448533797 140.9648347196977 29.8828219263 86.5560215918
2B NS21 22.11 P -67.294083 -25.839222 4.095 1.1597982582331758 321.5927530754537 141.94739595826712 21.9012048776 86.5675187681
2B NS22 23.09 P -67.265917 -25.756694 4.379 1.2112194236760985 324.9460855099517 145.28775353417495 22.8451805701 86.5669337457
2B NS24 25.66 P -67.234444 -25.582833 4.317 1.3435495359299112 330.17096273477557 150.4977039823988 25.2744567953 86.5644609034
2B NS25 26.52 P -67.210333 -25.517667 4.214 1.3904851738405757 332.2742906465316 152.59003443696412 26.1360852544 86.5632533116
2B NS26 28.41 P -67.206639 -25.41475 4.035 1.4811677420290983 334.222183520194 154.53572809109454 27.8008014504 86.560435713
2B GALAN 19.2 P -66.948139 -25.844667 4.63 0.9931025515512378 335.6708791272582 155.87228320957706 18.8401103556 88.6820539073
2B BB20 25.61 P -66.786583 -25.438806 4.284 1.3376335307071454 348.5890427844792 168.71794268774835 25.165852709 86.5646009055
2B BB21 25.25 P -65.941444 -25.535861 2.507 1.311673408165496 22.32304356529315 202.0797621681745 24.689285094 86.5651828268
2B BB18 5.76 P -66.362944 -26.542889 2.984 0.2380041789584466 29.40114017826003 209.34256464025086 5.37324617402 121.945840909
2B BB17 19.66 P -65.895889 -25.914444 1.623 0.9927542824150657 32.78624668777192 212.52112821337107 18.8337071564 88.6948431989
2B BB16 11.97 P -65.865694 -26.629639 2.224 0.5737881486407083 78.00198944813108 257.7199771655575 11.170443533 101.036649803
2B EW05 4.72 P -66.295167 -26.785944 2.339 0.1806755126942823 101.42303904502076 281.3336906150427 4.51822230747 129.980761624
2B EW22 14.73 P -65.692889 -26.951917 2.052 0.7422431525205601 105.94201585312994 285.5803727607583 14.2341480325 95.9943855692
2B EW08 13.08 P -65.788833 -26.936083 2.491 0.6556526190909737 106.61955994524956 286.30134073282096 12.654504497 98.4497905322
2B EW06 7.22 P -66.127972 -26.849167 2.244 0.34096024766107313 106.93846759655177 286.77363724984514 7.0615696353 112.422095726
X6 BB14 18.47 P -65.9785 -27.597099 1.854 0.9628151026644878 151.69944790152536 331.46422178910973 18.2831634318 89.7753378083
