2B EW01 15.33 P -67.010778 -26.740556 3.72 0.7795397707718422 185.1522072698045 5.18700242516482 14.7820177458 85.1717732964
X6 BB12 30.35 P -67.124496 -27.5131 2.152 1.558384265447414 186.27742291487505 6.363862133424391 29.3668139908 84.5828768015
X6 EW09 14.53 P -67.184097 -26.684099 3.898 0.7544325459300065 197.34399487951328 17.455615090486475 14.3116840548 85.1780515223
X6 NS18 38.59 P -67.628998 -27.900801 1.376 2.0337435832183943 197.62371436689725 17.939283067280087 38.2588150122 83.9386795392
X6 NS17 36.17 P -67.624702 -27.707899 1.496 1.849889723534345 199.35244996260084 19.665024425310918 34.8209156895 84.2083564579
X6 NS16 32.69 P -67.613403 -27.5686 1.608 1.7157534985391787 200.60316786890422 20.909896335545824 32.3116754099 84.3901852528
X6 EW10 13.21 P -67.262001 -26.591999 3.505 0.6938970704301272 205.13609845635145 25.28202778836706 13.1776572172 85.1893541979
X6 NS14 30.93 P -67.694199 -27.443701 1.839 1.6285165681622786 204.53139107051013 24.87376438774072 30.6792865494 84.4977970999
X6 NS13 29.73 P -67.773598 -27.336 2.022 1.564314852867895 208.5377729405933 28.915120049990378 29.4778118508 84.5760518117
X6 BB24 39.65 P -68.097702 -27.832701 3.117 2.13803055160779 208.8203039961989 29.347586560888317 40.2081530605 83.7785269052
X6 NS11 26.05 P -67.702599 -27.112499 2.17 1.339173702677455 210.79492567969424 31.13907253905873 25.2633114097 84.8172376028
X6 NS10 23.79 P -67.688004 -27.051001 2.485 1.2799826161775214 211.720552725747 32.057813407673166 24.1550360608 84.8721464434
X6 NS09 21.53 P -67.652603 -26.910101 3.44 1.1448242313304315 214.12519251924346 34.44585567336878 21.6240460171 84.9833366726
X6 NS06 15.05 P -67.440002 -26.616301 3.111 0.7952151610681597 214.7986493590682 35.023483616773945 15.0756624957 85.1673895777
X6 NS05 13.17 P -67.403397 -26.512501 3.037 0.6921915511683071 217.51020339378772 37.71844052161998 13.1457070232 85.1895927785
2B NS04 11.11 P -67.337139 -26.420028 3.076 0.5828327660659534 218.45656755292342 38.63521726522157 11.096778975 85.6598673166
X6 NS07 17.01 P -67.550499 -26.6677 3.517 0.8954841174932866 218.0854183998728 38.35944484423865 16.953932142 85.1311234413
X6 NS08 19.73 P -67.648399 -26.7841 4.19 1.0410277916450998 217.8802589964778 38.19834246248209 19.6800771645 85.0543633648
X6 BB02 29.55 P -68.089996 -27.111 3.81 1.5452053265372836 221.8267175997372 42.34395713645961 29.1201800819 84.5993878992
X6 EW11 18.77 P -67.676201 -26.666201 3.755 0.9681615711626409 223.3588860780484 43.68863270058648 18.3152757819 85.0962462693
2B NS03 10.51 P -67.386861 -26.315444 3.135 0.5383612092877721 229.17314137437404 49.37336499802859 10.2626895887 86.678912933
X6 EW15 26.51 P -68.162903 -26.7444 4.71 1.3507249180414675 234.44487526127796 54.991153399653186 25.4795816233 84.8061024007
X6 EW18 34.37 P -68.552002 -26.906 4.475 1.72920786435837 236.64143343108708 57.3625198371828 32.5633971923 84.3725658725
2B NS02 10.13 P -67.414333 -26.200694 3.341 0.4932575281923622 241.24282620126363 61.45471929467611 9.41578011309 87.7591267134
X6 BB09 23.53 P -68.098801 -26.525101 3.787 1.1870421193197542 241.54455469345703 62.0603664765888 22.4146679997 84.9508027396
2B NS01 9.37 P -67.426306 -26.098111 3.347 0.46357420716015574 253.0999595859572 73.31671933555258 8.8580294022 88.4693100937
X6 BB04 38.83 P -69.021004 -26.540001 3.72 1.959656823058315 252.45253739391958 73.37646883631587 36.8736744494 84.0501888879
2B NS19 8.75 P -67.407083 -26.038944 3.404 0.4331425800784423 259.95744617573257 80.16554923855163 8.28604532295 89.3125173976
2B NS20 7.87 P -67.370778 -25.931753 3.59 0.3955240650736465 274.6077500100624 94.79956822482097 7.57884608198 90.4986282425
2B NS21 6.89 P -67.294083 -25.839222 4.095 0.3485295811018921 290.93204512572413 111.0900421622097 6.69559688767 92.0347524216
2B NS22 7.34 P -67.265917 -25.756694 4.379 0.3648669874638247 304.58545251284136 124.73092977921871 7.00260729424 91.5313462363
2B NS23 7.9 P -67.226417 -25.662889 4.418 0.4010465979129998 318.6371425534236 138.76517415651173 7.68266465713 90.312640834
2B NS24 9.02 P -67.234444 -25.582833 4.317 0.46841858837235656 324.43563555242275 144.5669727719993 8.94906996489 88.3517680514
2B NS25 9.81 P -67.210333 -25.517667 4.214 0.5119172502330355 330.66063210598935 150.7813432855173 9.76625072049 87.3065924707
2B NS26 11.67 P -67.206639 -25.41475 4.035 0.6024597098686632 335.72205756115994 155.84094295697022 11.4646918108 85.2520126593
2B GALAN 2.82 P -66.948139 -25.844667 4.63 0.12035633132272162 353.23815320966867 173.24503218881 2.46598036512 109.268937859
2B EW08 27.42 P -65.788833 -26.936083 2.491 1.4116691687622462 133.762061623178 313.252666652729 26.6205605988 84.7451581286
2B EW07 23.88 P -66.044 -26.894972 2.295 1.2244255380872628 139.67639923239363 319.2809582960921 23.11472053 84.920306329
2B EW06 21.9 P -66.127972 -26.849167 2.244 1.141171517479786 141.0281208886685 320.67034766466287 21.5556391838 84.9860546555
2B EW05 19.4 P -66.295167 -26.785944 2.339 1.0005969402552441 145.35241548609855 325.06932118826353 18.9228083481 85.078440049
X6 BB14 35.33 P -65.9785 -27.597099 1.854 1.8416010253654436 152.67118889975993 332.24133609123766 34.6658853205 84.219973658
2B EW04 18.12 P -66.505583 -26.810583 2.671 0.9287441519086319 155.78454163867542 335.5948451959984 17.5769447793 85.1160360228
X6 BB15 28.05 P -66.369797 -27.3405 2.856 1.4652784411095074 160.05651172868795 339.8041249713442 27.6241240205 84.6885953266
2B EW03 17.46 P -66.757 -26.858917 3.238 0.9084144756476371 170.08109067915615 350.00307068077973 17.1961396971 85.1254351656
X6 BB13 32.39 P -66.598 -27.6413 0.937 1.7034610120810525 169.98402970638114 349.8332286297435 32.0816848991 84.4061556571
2B EW02 15.21 P -66.837028 -26.750694 3.213 0.791135221897557 173.82047074442437 353.778130567051 14.99923379 85.168564665
X6 BB11 22.25 P -66.943604 -27.112499 2.193 1.148355798316894 180.4979324163523 0.5029417047111906 21.690183784 84.9806940379
