X6 NS18 4.98 P -67.628998 -27.900801 1.376 0.10003420462475275 249.5716143456414 69.62122185653271 5.02772724375 157.593875353
X6 BB24 11.42 P -68.097702 -27.832701 3.117 0.50929033010918 273.6062205992124 93.87472818840213 10.5527473409 112.685188791
X6 EW19 28.16 P -68.666 -26.881001 4.575 1.4143613212189199 313.87199774164833 134.39760369376575 26.592728244 88.3257417903
X6 NS17 5.84 P -67.624702 -27.707899 1.496 0.18187873808188665 330.3025783699097 150.35002529199764 5.76632312302 142.833070321
X6 BB02 18.44 P -68.089996 -27.111 3.81 0.9071749186529371 326.19090326279814 146.45265358386885 17.4719868401 98.8409462768
X6 EW16 24.24 P -68.277 -26.851 4.705 1.2159735188833507 326.4059193191819 146.7524765750891 23.0149527153 91.9358563252
X6 EW15 24.88 P -68.162903 -26.7444 4.71 1.257452083304362 332.9653365574274 153.25892989799982 23.7628890342 91.0770704248
X6 NS13 12.54 P -67.773598 -27.336 2.022 0.5746037489748972 337.19835818091497 157.31449910902361 11.6518669804 109.57160728
X6 NS14 10.36 P -67.694199 -27.443701 1.839 0.4486523909754036 340.1965688403007 160.276065162929 9.55639073021 116.109453941
X6 BB09 28.72 P -68.098801 -26.525101 3.787 1.4353233436800739 338.9602321069411 159.22344349597412 26.9706804188 88.3255805766
X6 EW14 23.96 P -68.002602 -26.709 4.552 1.2329622444287507 339.6620739760052 159.88199656748523 23.3212621815 91.5965913146
X6 NS12 13.96 P -67.756798 -27.2283 2.017 0.6704952339712038 341.9310356679214 162.03919853694723 13.3001940419 105.787070944
2B BB05 37.85 P -68.243278 -26.009306 4.339 1.964532253882348 340.75557310720853 161.0819537473023 36.2728133967 51.4993844467
X6 NS16 7.76 P -67.613403 -27.5686 1.608 0.3079254583613248 344.9020678375259 164.94415009916622 7.38750133814 127.065740521
X6 EW13 24.32 P -67.877296 -26.6523 3.882 1.253840686928911 345.36761319442417 165.52993004959356 23.6977584906 91.1518668602
X6 NS11 16.32 P -67.702599 -27.112499 2.17 0.7701014473046444 348.01356192773403 168.09649798641166 15.0425444556 102.559459303
X6 NS15 9.12 P -67.603302 -27.479601 1.646 0.3928282004586053 349.5412708560368 169.57859984826516 8.66687860054 119.858630695
X6 EW12 23.12 P -67.773598 -26.685101 3.735 1.2016592683750813 349.2572440270359 169.37212612274288 22.7569234989 92.241572635
X6 NS10 16.28 P -67.688004 -27.051001 2.485 0.8279849624672774 349.77179667386054 169.8479174675339 16.0647554415 100.902856835
X6 BB08 35.8 P -67.917999 -26.016001 3.347 1.8831481096961566 349.13072983327737 169.3097507637313 35.0450749564 88.3045523109
X6 NS09 18.9 P -67.652603 -26.910101 3.44 0.9627350071744715 353.10110439873614 173.16076019478356 18.4640811213 97.5087453849
X6 EW11 23.66 P -67.676201 -26.666201 3.755 1.2074359772121785 353.4857990980503 173.5560222625928 22.8610484193 92.1180538017
X6 NS08 21.2 P -67.648399 -26.7841 4.19 1.0875537265750932 354.0880174248123 174.14561727416253 20.702600163 94.6921233522
X6 BB10 28.5 P -67.690697 -26.379 3.336 1.494404225933576 354.2269542141933 174.30344692561573 28.0359279267 88.3247141626
X6 NS07 23.28 P -67.550499 -26.6677 3.517 1.1984766374095628 358.8218239753867 178.83445727438777 22.6995601962 92.3094237896
2B NS01 33.26 P -67.426306 -26.098111 3.347 1.769910271505924 2.8104356326573288 182.766593319041 33.0033774242 88.3129487898
X6 NS06 23.98 P -67.440002 -26.616301 3.111 1.2517978093611604 3.395491387798127 183.35753228120228 23.6609164292 91.1940175778
2B NS02 31.8 P -67.414333 -26.200694 3.341 1.6680385636923007 3.3491742778787965 183.29981307522817 31.1666063738 88.3187527219
2B NS20 36.01 P -67.370778 -25.931753 3.59 1.9389256576844713 4.047441916499397 183.97859824246416 35.9113338479 51.5004808645
X6 NS05 25.91 P -67.403397 -26.512501 3.037 1.3575943152726266 4.5191516757466665 184.46453186437174 25.569137402 88.8474100564
2B NS03 29.38 P -67.386861 -26.315444 3.135 1.5552063402176863 4.498449922272035 184.436480657678 29.1322091051 88.3231998104
2B NS21 37.92 P -67.294083 -25.839222 4.095 2.0369598195244007 5.804459988109346 185.70107660713484 37.2952174431 51.4960382955
2B NS22 39.49 P -67.265917 -25.756694 4.379 2.121665326622283 6.264851230652405 186.1489070195726 38.4908761482 51.491666623
2B NS04 27.54 P -67.337139 -26.420028 3.076 1.4553181656963152 6.565492971534282 186.48072826609663 27.3311936122 88.325354955
X6 EW10 24.96 P -67.262001 -26.591999 3.505 1.294880122297411 10.38160158107136 190.2622089265348 24.4379634381 90.2681816932
X6 EW09 24.08 P -67.184097 -26.684099 3.898 1.219591835709533 14.373927220017977 194.21864661677668 23.0801842386 91.8584810886
2B GALAN 39.99 P -66.948139 -25.844667 4.63 2.085281383252908 14.366318735920366 194.10662348373612 37.9773082591 51.4936048675
X6 BB19 31.14 P -67.061501 -26.306299 4.419 1.612819822455152 14.8624762118439 194.65235606600302 30.1709972707 88.32119231
2B EW01 23.76 P -67.010778 -26.740556 3.72 1.2138993751508276 22.135878656760703 201.90094435614697 22.9775609648 91.9800644496
2B EW03 23.79 P -66.757 -26.858917 3.238 1.2152195051546304 34.21565058388365 213.86360040165374 23.0013595867 91.9519412409
X6 BB11 18.68 P -66.943604 -27.112499 2.193 0.9120048440184194 34.432116941287305 214.16470545391067 17.5580829218 98.7210564841
2B BB17 44.38 P -65.895889 -25.914444 1.623 2.4317937139860115 37.005499832988235 216.2694747820612 42.8677785889 51.471462268
2B BB18 32.17 P -66.362944 -26.542889 2.984 1.6776971776401286 38.21279997455026 217.68244602521406 31.3407537043 88.3182746285
X6 BB12 12.2 P -67.124496 -27.5131 2.152 0.498952377257863 45.090652925222464 224.90550948211643 10.381039159 113.228558845
2B BB16 35.77 P -65.865694 -26.629639 2.224 1.9232633592202129 50.38167472990209 229.62284293311225 35.6902318742 51.5011291594
2B EW06 30.53 P -66.127972 -26.849167 2.244 1.6027079474919501 50.947565080223455 230.30647561345697 29.9886772496 88.3215845957
2B EW07 31.06 P -66.044 -26.894972 2.295 1.6331773121367048 53.864395211476 233.18418812811703 30.5380485606 88.3203512801
2B EW08 33.97 P -65.788833 -26.936083 2.491 1.79851544285324 59.270363340668936 238.47223329021892 33.5191343691 88.3110192032
2B EW22 34.62 P -65.692889 -26.951917 2.052 1.8640275087491145 61.06129710776449 240.21877871228938 34.7003279049 88.3061117101
X6 BB15 22.62 P -66.369797 -27.3405 2.856 1.149035492599143 63.05680740541622 242.52249069001496 21.8088500373 93.3679598373
X6 BB13 17.08 P -66.598 -27.6413 0.937 0.8487798047141746 74.86983111109785 254.4391128323818 16.4333680829 100.338403474
