X6 NS18 21.14 P -67.628998 -27.900801 1.376 1.0951632290456754 233.67905596969408 54.141307814164406 20.6898619573 91.9320272256
X6 BB12 10.64 P -67.124496 -27.5131 2.152 0.5085502412136568 239.47587011034733 59.70306060848945 9.79256572082 99.3999338436
X6 NS17 19.44 P -67.624702 -27.707899 1.496 0.9911343771133496 242.62474228190246 63.08351734067605 18.7507705576 92.6804511385
X6 BB24 27.3 P -68.097702 -27.832701 3.117 1.4230654635327233 245.74097538433216 66.41946642847265 26.8057684597 90.1307152906
X6 NS16 18.26 P -67.613403 -27.5686 1.608 0.926901453987729 250.0433204643941 70.4958189414527 17.5540805378 93.2085575582
X6 NS15 17.66 P -67.603302 -27.479601 1.646 0.8924139719257703 255.24468172755545 75.69185792309302 16.911819583 93.5179107567
X6 NS14 19.2 P -67.694199 -27.443701 1.839 0.9632684837835976 258.49980328673007 78.9884711268958 18.23154124 92.9008995991
X6 NS13 20.24 P -67.773598 -27.336 2.022 1.0189270244855468 265.2165276465423 85.74072065500593 19.2687207476 92.468772878
X6 NS12 19.62 P -67.756798 -27.2283 2.017 1.0016859304935473 271.3081405235652 91.82368771432739 18.9474020654 92.5991281523
X6 BB02 24.98 P -68.089996 -27.111 3.81 1.3062668246279538 276.0250108559817 96.69176663903819 24.6269475226 90.7091334712
X6 NS11 19.46 P -67.702599 -27.112499 2.17 0.964308115491166 278.29335849167967 98.78313122745105 18.2509126456 92.892923184
X6 EW20 36.9 P -68.766998 -26.91 4.455 1.9333004055842808 279.8121528567708 100.78491941518998 36.2503538406 79.7528886815
X6 NS10 18.42 P -67.688004 -27.051001 2.485 0.9628998466897275 282.030666104666 102.5132661441722 18.2246724639 92.9037282849
X6 EW18 34.44 P -68.552002 -26.906 4.475 1.7461322460345297 281.113336857923 101.9881359956353 32.8143972297 79.7550312927
X6 EW19 35.78 P -68.666 -26.881001 4.575 1.850780823358794 281.2151776637246 102.14149181174427 34.7354959874 79.7539445866
X6 EW16 29.5 P -68.277 -26.851 4.705 1.5210925228943806 285.0532186708065 105.8020967257944 28.6344635724 89.6765518475
X6 BB04 43.4 P -69.021004 -26.540001 3.72 2.2487000649407674 288.0139079015993 109.09549224170426 41.9878837114 49.1706344045
X6 NS09 18.86 P -67.652603 -26.910101 3.44 0.9733768692732907 290.56166922049283 111.026994929599 18.41989392 92.8234173865
X6 EW15 29.06 P -68.162903 -26.7444 4.71 1.4578990320883465 290.18040141623055 110.87611039955229 27.4555911422 89.9639283036
X6 EW14 25.84 P -68.002602 -26.709 4.552 1.3393225534303859 293.7774322766715 114.39997921330428 25.2435676318 90.5393148676
X6 BB11 6.72 P -66.943604 -27.112499 2.193 0.3131156285998369 297.1388013484809 117.28181525488436 6.23825816595 107.079103634
X6 NS08 19.98 P -67.648399 -26.7841 4.19 1.0220297760485926 297.2460089062923 117.7084255521979 19.3265493556 92.4456540604
X6 EW13 24.64 P -67.877296 -26.6523 3.882 1.2645247101382737 298.2158171101884 118.78095577230422 23.8483195922 90.9200227858
X6 EW12 22.7 P -67.773598 -26.685101 3.735 1.167614185001288 298.992535047019 119.51095617356812 22.040845565 91.474958764
X6 BB09 30.02 P -68.098801 -26.525101 3.787 1.4994742996039192 298.8240047208663 119.48810972698877 28.231178648 89.7713342357
X6 EW11 21.54 P -67.676201 -26.666201 3.755 1.1027573541187075 302.0748782812159 122.54896988436323 20.8314542771 91.8826253931
X6 NS07 19.52 P -67.550499 -26.6677 3.517 1.0089679227923667 305.4345257072026 125.85163277799009 19.0831112387 92.5436835677
2B BB05 36.69 P -68.243278 -26.009306 4.339 1.905647650529141 310.48172396450434 131.20473070482944 35.7427174137 79.7532619929
X6 NS06 18.5 P -67.440002 -26.616301 3.111 0.964121967187902 311.3575142662967 131.72419689830437 18.2474441473 92.8943512625
X6 BB10 24.88 P -67.690697 -26.379 3.336 1.289828759992658 312.57801531965384 133.05631755160687 24.3203200775 90.7938853508
X6 NS05 19.47 P -67.403397 -26.512501 3.037 1.0136273088031273 316.9780240542184 137.32750157212595 19.1699477438 92.5085034152
X6 BB08 32.4 P -67.917999 -26.016001 3.347 1.6914617322224574 316.83862477826415 137.41585949860118 31.8107743082 79.7554860392
2B BB06 44.57 P -68.372254 -25.545861 3.833 2.31448599527517 317.2319461301345 138.00651862889265 42.9164641389 49.1673864745
X6 EW09 15.06 P -67.184097 -26.684099 3.898 0.7550322703681709 319.07615003386513 139.3271950866802 14.3560222889 95.0021490607
X6 EW10 16.82 P -67.262001 -26.591999 3.505 0.8703005244035592 319.54858390614754 139.83451016826018 16.5001258271 93.7297835435
2B NS04 19.98 P -67.337139 -26.420028 3.076 1.0467966312669978 322.80643714149153 143.12544511607672 19.788184504 92.2649317692
2B NS03 21.99 P -67.386861 -26.315444 3.135 1.1575134805585476 324.14801760484454 144.48886109950013 21.8524775584 91.5340683048
2B NS02 24.43 P -67.414333 -26.200694 3.341 1.2660933052452252 326.256941992216 146.60946890534208 23.8775779513 90.9113044459
2B EW01 12.0 P -67.010778 -26.740556 3.72 0.6165366147732951 326.581562603577 146.75416815663763 11.7864575629 97.0690328436
2B NS21 29.13 P -67.294083 -25.839222 4.095 1.5357800556272008 337.11490500399464 157.4114835770671 28.9084554008 89.6135027478
X6 BB19 20.3 P -67.061501 -26.306299 4.419 1.024359321242356 337.84335801836136 158.03753847240017 19.3699677048 92.4283656812
2B NS24 33.55 P -67.234444 -25.582833 4.317 1.7580785081025063 341.94935123525084 162.21807079289513 33.0337024902 79.7549215732
2B NS26 37.33 P -67.206639 -25.41475 4.035 1.9119399838973825 344.2052515686901 164.46084674353165 35.8582291984 79.7531787692
2B EW03 8.26 P -66.757 -26.858917 3.238 0.4124253887245047 344.1272660403377 164.1847806822086 8.03115993666 102.369284659
2B GALAN 27.59 P -66.948139 -25.844667 4.63 1.4393188146889229 348.545198746816 168.68716077433658 27.1089756628 90.0540822833
2B BB21 35.12 P -65.941444 -25.535861 2.507 1.8272200067806799 19.898134271834753 199.591736294362 34.3029760808 79.7542139312
2B EW05 10.94 P -66.295167 -26.785944 2.339 0.5567019820370778 32.5357810426402 212.38340474946227 10.6801416297 98.2509647064
2B BB16 18.46 P -65.865694 -26.629639 2.224 0.9256505971832516 47.61749151747553 227.2709216937073 17.5307831371 93.2196323618
2B EW06 11.98 P -66.127972 -26.849167 2.244 0.6046434905178869 47.869167519713784 227.64058422232807 11.5663491271 97.2902951694
2B EW07 12.82 P -66.044 -26.894972 2.295 0.6347285016884516 55.50366735682832 235.23668377219778 12.123343448 96.7462195806
2B EW08 15.88 P -65.788833 -26.936083 2.491 0.8146486438916709 67.0941646578877 246.71076624487023 15.4644800883 94.3011655583
2B EW22 17.39 P -65.692889 -26.951917 2.052 0.8882491871730591 70.21701278896799 249.7897962776248 16.8342746237 93.5570317234
X6 BB15 5.22 P -66.369797 -27.3405 2.856 0.24676212934186398 110.16564122946059 290.046049019385 5.07077534648 111.959491043
X6 BB13 7.8 P -66.598 -27.6413 0.937 0.3867071312842551 175.72212519154786 355.7071156217125 7.56337577404 103.380808502
