X6 NS16 15.14 P -67.613403 -27.5686 1.608 0.7592981108475414 236.912541673995 57.242390256995265 14.4859597798 97.6178645269
X6 BB24 24.18 P -68.097702 -27.832701 3.117 1.2628492743104534 237.3175402400595 57.87245873115381 23.8353982949 93.3294213428
X6 NS15 14.24 P -67.603302 -27.479601 1.646 0.707078867023482 242.5938864327608 62.91860331516118 13.5217020296 98.3939138056
X6 BB25 29.86 P -68.542603 -27.619499 4.1 1.5339724815668734 252.03198376980367 72.78959781262859 28.8385207933 79.9209234097
X6 BB01 21.54 P -68.143997 -27.424 3.455 1.141240912873355 256.1281682297542 76.70050023290774 21.57267364 94.0284812757
X6 BB02 19.62 P -68.089996 -27.111 3.81 1.0637579175500969 272.1473238044109 92.69199192427867 20.1320741086 94.5613134014
X6 NS10 13.88 P -67.688004 -27.051001 2.485 0.7130101965376727 278.28048758712043 98.64144120614348 13.6311138344 98.2985723318
X6 EW20 33.04 P -68.766998 -26.91 4.455 1.684828754933419 277.96657857733817 98.8171272978336 31.6078871707 79.91953445
X6 EW19 31.3 P -68.666 -26.881001 4.575 1.6008101359411089 279.48556596661956 100.28980287903745 30.0655044234 79.9203821751
X6 EW16 23.94 P -68.277 -26.851 4.705 1.267864993969683 283.6012634982965 104.22843753360705 23.9287605319 93.3037334291
X6 NS09 14.26 P -67.652603 -26.910101 3.44 0.7175748502567926 289.86046429721057 110.20446064359425 13.71533729 98.2266004413
X6 EW14 21.26 P -68.002602 -26.709 4.552 1.0832793141895922 294.11385391653374 114.61520654871413 20.494929137 94.4199636948
X6 NS08 15.42 P -67.648399 -26.7841 4.19 0.7669433896156895 298.8280074517039 119.16935662620455 14.6272867505 97.5133567641
X6 EW13 20.08 P -67.877296 -26.6523 3.882 1.0098387318310778 299.6914160922473 120.13557632268066 19.1302265204 94.9782782897
X6 EW12 18.14 P -67.773598 -26.685101 3.735 0.9134018737783035 300.8279201251669 121.22537782594645 17.3399839882 95.8287924186
X6 EW11 17.04 P -67.676201 -26.666201 3.755 0.8509610480909026 304.95593926927984 125.3091833569277 16.1821563382 96.4586027017
X6 NS07 15.16 P -67.550499 -26.6677 3.517 0.7610627501911544 309.75405190759034 130.0504077389093 14.5185778185 97.5936427259
2B BB05 32.64 P -68.243278 -26.009306 4.339 1.6633769385714718 313.27234689065705 133.87540057133663 31.214083056 79.9197685442
X6 BB10 20.74 P -67.690697 -26.379 3.336 1.0523005321446064 317.40655818274894 137.764590750367 19.9191419418 94.6466055814
X6 BB08 29.26 P -67.917999 -26.016001 3.347 1.4611743237663741 321.04194828601186 141.49947696118105 27.5021140723 79.9213775838
X6 NS05 15.52 P -67.403397 -26.512501 3.037 0.7868700710349682 324.7384451575205 144.9676061697043 14.9956729366 97.2375158191
X6 EW10 12.98 P -67.262001 -26.591999 3.505 0.6517100991787471 329.83176838473037 149.99732611154178 12.5016699488 99.3545769393
X6 EW09 11.26 P -67.184097 -26.684099 3.898 0.5373147300521147 331.347808299358 151.47835668861896 10.4050115559 101.916536483
2B NS04 16.23 P -67.337139 -26.420028 3.076 0.8347282021522074 331.7341263455557 151.9330599917616 15.8814794905 96.6462869193
2B NS03 18.32 P -67.386861 -26.315444 3.135 0.9480267394273361 332.33099287940536 152.5519376668529 17.9824955564 95.5072257263
2B NS02 20.95 P -67.414333 -26.200694 3.341 1.061672036863411 334.0052684430191 154.23811064179256 20.0933067928 94.5767115294
2B NS01 22.49 P -67.426306 -26.098111 3.347 1.159257409815224 335.7306656507288 155.96846113826192 21.9077800916 93.9149538302
2B NS19 23.4 P -67.407083 -26.038944 3.404 1.206919591676055 337.6238552592184 157.85279992803996 22.7945090346 93.6319451828
X6 BB07 33.99 P -67.618103 -25.516001 3.399 1.7630525199505656 338.29653121830523 158.61702669425316 33.0438860417 79.918578738
2B NS20 24.8 P -67.370778 -25.931753 3.59 1.2958162033935288 340.7494697068593 160.96176351757856 24.4491134237 93.1692306874
2B NS21 25.85 P -67.294083 -25.839222 4.095 1.364091687929437 344.76138855968213 164.93912014892734 25.7198977297 79.9217610711
2B NS22 27.27 P -67.265917 -25.756694 4.379 1.4379245054493812 346.5924276473771 166.75735451960432 27.0753005126 79.9214926852
2B EW01 8.92 P -67.010778 -26.740556 3.72 0.4278249255409509 346.10694367669663 166.15907212554936 8.42094579627 105.507085047
2B NS23 28.93 P -67.226417 -25.662889 4.418 1.5221095919849126 348.7065505942682 168.85363728982253 28.6207455659 79.921007075
2B NS24 30.01 P -67.234444 -25.582833 4.317 1.6020767351332696 349.006023183367 169.15646990032593 30.0887562128 79.9203707764
X6 BB19 16.88 P -67.061501 -26.306299 4.419 0.8624128299185364 350.0787422094813 170.1532988530744 16.3945947732 96.3560542324
2B NS26 33.96 P -67.206639 -25.41475 4.035 1.7633296323667242 350.8355288572832 170.97321873676412 33.0489731466 79.9185750682
2B GALAN 25.48 P -66.948139 -25.844667 4.63 1.3120828023516427 357.94056159231775 177.96393832576686 24.7519509291 93.0902832814
2B BB20 32.64 P -66.786583 -25.438806 4.284 1.71989257148499 3.286494943622306 183.23812437384655 32.2515744512 79.9191258387
2B EW02 8.39 P -66.837028 -26.750694 3.213 0.4085849053435398 7.373907392009177 187.34728973896247 8.07594870238 106.31375475
2B BB21 35.47 P -65.941444 -25.535861 2.507 1.831889510575413 28.041592097594794 207.6180304966149 34.3075626376 79.9176056968
2B EW05 12.99 P -66.295167 -26.785944 2.339 0.6506773046877211 55.48470034400154 235.21230861770542 12.4826699575 99.373970353
2B BB16 21.22 P -65.865694 -26.629639 2.224 1.0587199152852365 60.426658419923335 239.96072536435065 20.0384412673 94.5986027563
2B EW06 14.96 P -66.127972 -26.849167 2.244 0.7497043518386213 66.02298386937738 245.674383332796 14.3086496296 97.7505564877
2B EW08 19.84 P -65.788833 -26.936083 2.491 1.0100755981123848 77.6818736782902 257.17853799876883 19.1346263283 94.9763584024
2B EW22 21.5 P -65.692889 -26.951917 2.052 1.0904896793071255 79.49231235661694 258.94519890983725 20.6289692913 94.3689978408
2B EW24 26.91 P -65.397556 -27.040778 0.376 1.3386849478560616 85.40771915510418 264.7252309594669 25.2472571503 92.9660563475
X6 BB14 18.1 P -65.9785 -27.597099 1.854 0.9263290599984516 118.65253623540983 298.2307407977377 17.5798291255 95.7065455338
