X6 BB24 27.68 P -68.097702 -27.832701 3.117 1.43430448528711 186.63243906719015 6.717835057955739 27.017173544 89.283690206
X6 BB02 13.19 P -68.089996 -27.111 3.81 0.7209451623881444 192.81249154558094 12.893361157535338 13.6972685436 93.7734833496
X6 EW15 8.71 P -68.162903 -26.7444 4.71 0.40507578420623813 213.8274004358955 33.940373388038836 7.83528258508 99.9737747145
X6 EW16 10.39 P -68.277 -26.851 4.705 0.5509498897620144 216.4186264504113 36.582951075147236 10.5336844235 96.2762580104
X6 EW17 13.68 P -68.427002 -26.885 4.38 0.663793604419963 223.9604809370958 44.192178104472845 12.6324196528 94.4739156578
X6 EW18 15.55 P -68.552002 -26.906 4.475 0.7593994246091482 228.88950686696984 49.17737167458051 14.414211168 93.357620722
X6 EW19 16.71 P -68.666 -26.881001 4.575 0.8244619804652095 234.83196830189053 55.17083259533588 15.6279512343 92.764506349
X6 BB09 5.17 P -68.098801 -26.525101 3.787 0.20526397159759718 235.2137606244172 55.29773191731735 4.23413224654 112.118995131
X6 BB04 19.36 P -69.021004 -26.540001 3.72 1.002858796375886 262.19601553225505 82.69113266343984 18.95825361 91.4599401844
X6 BB22 23.07 P -69.237 -26.157 3.455 1.215680593185105 281.62685783045924 102.21430184737656 22.9333108098 90.252847892
2B BB05 10.75 P -68.243278 -26.009306 4.339 0.49824864532320096 323.0972148570302 143.24423437843262 9.55607320021 97.3650121382
2B BB06 18.96 P -68.372254 -25.545861 3.833 0.9570138394231045 334.1862444644679 154.38855307194734 18.1021984495 91.7643017695
X6 BB08 8.11 P -67.917999 -26.016001 3.347 0.39217644933251844 359.00066921847394 179.00403097649192 7.59809459028 100.419243222
2B NS26 22.52 P -67.206639 -25.41475 4.035 1.177901869567631 32.66083446275104 212.35329462915914 22.2276089178 90.4480424759
2B NS25 21.18 P -67.210333 -25.517667 4.214 1.090430028137588 35.40794302896297 215.1014543484213 20.5937396697 90.9273925621
2B NS24 19.79 P -67.234444 -25.582833 4.317 1.0247975912519585 36.50842820826221 216.21215137843615 19.3679532301 91.3208304231
2B NS22 16.97 P -67.265917 -25.756694 4.379 0.8714366391867144 41.76565677439334 221.48229948198176 16.5046163631 92.3877861424
2B NS21 15.41 P -67.294083 -25.839222 4.095 0.793618589588731 44.34227140474037 224.0709006197523 15.052510037 93.041835888
2B NS20 13.28 P -67.370778 -25.931753 3.59 0.6793100477322404 45.592212895212725 225.35422253712287 12.9214232428 94.2716259599
2B BB20 26.93 P -66.786583 -25.438806 4.284 1.4003877262522786 46.44514352234938 225.9538192478601 26.383640907 89.4210895086
2B NS01 10.73 P -67.426306 -26.098111 3.347 0.5334679762182045 54.57822790839294 234.36409850667405 10.2093073116 96.6405371851
2B GALAN 20.47 P -66.948139 -25.844667 4.63 1.031426254950969 57.10042691781422 236.67668473806236 19.4917457959 91.279584976
2B NS02 10.25 P -67.414333 -26.200694 3.341 0.4906862587677062 65.10352071790815 244.88369737781338 9.41600599438 97.5425260471
X6 BB10 4.35 P -67.690697 -26.379 3.336 0.19893331292838343 81.63218253009082 261.5345222057269 4.12483892228 112.824179377
2B NS03 9.85 P -67.386861 -26.315444 3.135 0.4781509346926278 78.94066882397725 258.7082017778392 9.1839700561 97.8496390041
X6 BB19 15.32 P -67.061501 -26.306299 4.419 0.7674226942532449 82.56430773201893 262.1874250052241 14.5638373516 93.27613552
2B NS04 10.4 P -67.337139 -26.420028 3.076 0.5135409511201237 91.45641326968554 271.2013987802816 9.83960711569 97.0423283242
2B BB18 26.77 P -66.362944 -26.542889 2.984 1.3916879423673927 95.90181140804879 275.2119033532095 26.2211346107 89.4569725969
X6 NS05 9.44 P -67.403397 -26.512501 3.037 0.46572818311303593 103.06449937688936 282.8385941885459 8.95418108947 98.1676849127
2B EW05 28.68 P -66.295167 -26.785944 2.339 1.4928821836360524 105.02064499260564 284.2974477258836 28.1113031279 89.0545505421
X6 EW10 12.05 P -67.262001 -26.591999 3.505 0.6087008656783512 107.72747716222851 287.4381648630311 11.6069946921 95.2711634403
2B EW06 31.75 P -66.127972 -26.849167 2.244 1.6532523445402139 105.87060994426379 285.0716629476056 31.1063399646 88.468171752
2B EW07 33.73 P -66.044 -26.894972 2.295 1.7376592434300688 106.68783474411282 285.8505748622414 32.6824062365 88.1781449767
X6 EW09 13.98 P -67.184097 -26.684099 3.898 0.7059046201011593 113.17623329761341 292.85163645653233 13.4169472632 93.9480243076
2B EW01 16.87 P -67.010778 -26.740556 3.72 0.8705416491423882 112.65055959752854 292.2481030674513 16.487911596 92.3947228934
X6 NS06 9.48 P -67.440002 -26.616301 3.111 0.46958827792190794 116.42141349459996 296.211437298102 9.02556593172 98.0675337707
X6 NS07 8.57 P -67.550499 -26.6677 3.517 0.41357898658583403 128.95703515267317 308.79623956934097 7.99178094799 99.6899174897
X6 BB11 21.75 P -66.943604 -27.112499 2.193 1.1141430840864068 129.43037021348812 308.99505046505885 21.0366534619 90.7928403808
X6 EW11 7.21 P -67.676201 -26.666201 3.755 0.3324197410769288 140.98223911825252 320.8776091054484 6.50467954442 102.902169571
X6 NS08 9.07 P -67.648399 -26.7841 4.19 0.44299312863117185 148.13238293495598 328.0150900934873 8.53407856065 98.7838215123
X6 EW12 6.39 P -67.773598 -26.685101 3.735 0.3028094286737345 156.1951643458309 336.13402917956853 5.96714432786 104.444964037
X6 NS09 11.01 P -67.652603 -26.910101 3.44 0.5523236575860498 155.40541739033605 335.2897528136133 10.5591934102 96.2501341463
X6 NS10 12.96 P -67.688004 -27.051001 2.485 0.6728652820930064 162.88127431674852 342.7812488028409 12.8013751864 94.3543847506
X6 EW13 5.55 P -67.877296 -26.6523 3.882 0.24597041218915044 173.09394730337607 353.07916607901626 4.94802359165 108.297028069
X6 NS12 16.5 P -67.756798 -27.2283 2.017 0.8315564893017509 170.546873447971 350.4775777931038 15.7603381876 92.7059210008
