X6 BB13 7.66 P -66.598 -27.6413 0.937 0.38432196548686876 175.9988930137738 355.98493896344985 7.52253713963 103.569330096
X6 NS18 21.12 P -67.628998 -27.900801 1.376 1.095479133330964 233.83564290300956 54.298972787259174 20.6961067114 91.964743332
X6 BB12 10.6 P -67.124496 -27.5131 2.152 0.5091735009479633 239.80872896756713 60.036981865738454 9.80574604943 99.4555571293
X6 NS17 19.6 P -67.624702 -27.707899 1.496 0.9919153886490956 242.79287390010006 63.25272352550843 18.7658328437 92.7183126711
X6 BB24 27.56 P -68.097702 -27.832701 3.117 1.4240031542658278 245.85588686335993 66.53546293820145 26.8232853196 90.1522980084
X6 NS16 18.32 P -67.613403 -27.5686 1.608 0.9280540835110823 250.21539168249032 70.66896207463387 17.5761415488 93.2414226749
X6 NS15 17.5 P -67.603302 -27.479601 1.646 0.8938159138076521 255.41597228432283 75.86421865015978 16.9385683419 93.5484874904
X6 NS14 19.04 P -67.694199 -27.443701 1.839 0.9648203139736872 258.6534377373974 79.1431767067464 18.2609812055 92.9273924096
X6 NS13 20.06 P -67.773598 -27.336 2.022 1.0207722299435567 265.3505146411851 85.87577827495011 19.3035626784 92.4927893962
X6 NS12 19.52 P -67.756798 -27.2283 2.017 1.0037756264923139 271.43248050216823 91.94909612837554 18.9868192774 92.6212539746
X6 BB02 25.02 P -68.089996 -27.111 3.81 1.3085292616982982 276.1123010215756 96.78012903856347 24.6692739149 90.714541791
X6 NS11 19.34 P -67.702599 -27.112499 2.17 0.9666490118724189 278.40650438664795 98.89734256780164 18.2950498483 92.9124509811
X6 EW20 37.6 P -68.766998 -26.91 4.455 1.9356905266893163 279.86625997920135 100.84010722131674 36.2923779645 79.7669216201
X6 NS10 18.32 P -67.688004 -27.051001 2.485 0.965361063997073 282.13467333455515 102.61833748020219 18.2710553284 92.9229685024
X6 EW18 34.32 P -68.552002 -26.906 4.475 1.7485641200797606 281.171557962679 102.04743390442738 32.8571885332 79.7690933428
X6 EW19 36.5 P -68.666 -26.881001 4.575 1.8532158525679852 281.2699159816474 102.19730851665815 34.7783448561 79.7679901044
X6 EW16 29.62 P -68.277 -26.851 4.705 1.5236429186743559 285.1137540566207 105.86370308752836 28.6819836109 89.690967596
X6 NS09 18.72 P -67.652603 -26.910101 3.44 0.9760728382153203 290.6419578956855 111.10834460704477 18.4706274902 92.8375102167
X6 EW15 29.1 P -68.162903 -26.7444 4.71 1.4605854106423544 290.2344038974951 110.93117997095 27.5056992944 89.9788345452
X6 BB11 6.6 P -66.943604 -27.112499 2.193 0.3159534101331682 297.331419641346 117.47548569665732 6.29192638677 107.009973703
X6 NS08 19.88 P -67.648399 -26.7841 4.19 1.024868296848856 297.3043622437867 117.76783759846273 19.3799001117 92.4622624548
X6 EW13 24.56 P -67.877296 -26.6523 3.882 1.2673806656832507 298.26062304148525 118.82682212961464 23.9017588156 90.9351737234
X6 EW12 22.6 P -67.773598 -26.685101 3.735 1.170483630948862 299.03923908268405 119.5587193818125 22.0946227501 91.4878148686
X6 BB09 29.98 P -68.098801 -26.525101 3.787 1.5023407789387433 298.86047863737673 119.52564575242852 28.2846123555 89.7839919506
X6 EW11 21.76 P -67.676201 -26.666201 3.755 1.1056750100327866 302.11631565808557 122.59146438330032 20.8861933474 91.8963100291
X6 NS07 19.44 P -67.550499 -26.6677 3.517 1.0119285223369126 305.4701410643752 125.88830306824272 19.1387503865 92.559275662
X6 NS06 18.48 P -67.440002 -26.616301 3.111 0.9671334435037585 311.37652710804457 131.74426182027833 18.3040748902 92.908501978
X6 BB10 24.94 P -67.690697 -26.379 3.336 1.2928467367162464 312.58912709243043 133.06848164443494 24.37675387 90.7972368679
X6 NS05 19.67 P -67.403397 -26.512501 3.037 1.0166574183728896 316.97934772488 137.32987484599232 19.2268776118 92.5236268753
X6 BB08 32.64 P -67.917999 -26.016001 3.347 1.6944917302237188 316.8392481688005 137.41753285028847 31.8645459269 79.769551959
X6 EW09 15.02 P -67.184097 -26.684099 3.898 0.7580618924441648 319.0698969565628 139.3219907864117 14.4132390164 95.0159160404
X6 EW10 16.86 P -67.262001 -26.591999 3.505 0.8733294776694216 319.5413791558509 139.82835393602477 16.5571939882 93.745407474
2B NS04 20.01 P -67.337139 -26.420028 3.076 1.0498153855583578 322.7908821433671 143.11093692037355 19.8448686999 92.2800947456
2B NS03 21.97 P -67.386861 -26.315444 3.135 1.1605251989815721 324.13036144400706 144.47225077102263 21.908921991 91.5491536784
2B NS02 24.71 P -67.414333 -26.200694 3.341 1.2690906337429206 326.2357144493824 146.58928565402505 23.9336526948 90.9257891425
X6 BB19 20.24 P -67.061501 -26.306299 4.419 1.0272062403085231 337.7843114677663 157.97953185642507 19.4234725661 92.4449150697
2B NS21 29.15 P -67.294083 -25.839222 4.095 1.5386397663351814 337.0764918930643 157.37410624528349 28.9617336519 89.6268242352
2B NS22 31.06 P -67.265917 -25.756694 4.379 1.606001810191818 339.0451609378714 159.32977672786419 30.2182712781 89.3475665423
2B EW03 8.14 P -66.757 -26.858917 3.238 0.415143037223239 343.94056270915115 163.9991217402242 8.08291254319 102.351408481
2B NS23 32.78 P -67.226417 -25.662889 4.418 1.6825069613573653 341.3079946203373 161.5745438135524 31.6445334109 79.769643275
2B GALAN 27.47 P -66.948139 -25.844667 4.63 1.4419234264839842 348.48255721233045 168.6255489961378 27.1575739743 90.0703582992
2B BB21 35.34 P -65.941444 -25.535861 2.507 1.8286388647727645 19.81318141283219 199.50778994832834 34.3271705742 79.7682746437
2B EW05 11.35 P -66.295167 -26.785944 2.339 0.5575061485306841 32.23425087828219 212.08290961121304 10.6964868622 98.2995624343
2B EW06 11.84 P -66.127972 -26.849167 2.244 0.60464606179546 47.58096972838658 227.35341967164743 11.5677309601 97.3528532618
2B BB16 18.3 P -65.865694 -26.629639 2.224 0.9256638459425466 47.428886341392165 227.08334126884608 17.5316273449 93.2628444903
2B EW07 12.68 P -66.044 -26.894972 2.295 0.6343280332149305 55.231393717055845 234.9654427299337 12.1171590357 96.8128017876
2B EW08 15.73 P -65.788833 -26.936083 2.491 0.8136510817923452 66.89175059707738 246.50938108406496 15.4467168006 94.3601875554
2B EW22 17.25 P -65.692889 -26.951917 2.052 0.8870967195606776 70.03507445021958 249.60888545829985 16.8134744837 93.6120985306
X6 BB15 5.04 P -66.369797 -27.3405 2.856 0.2440808270399298 109.83492793663179 289.7163819330789 5.02837054477 112.320041723
