X6 BB15 6.47 P -66.369797 -27.3405 2.856 0.28271473407437814 202.23052154943423 22.28557941184286 5.9513163828 115.251689082
X6 BB13 12.81 P -66.598 -27.6413 0.937 0.6420357147320325 208.75194041623868 28.91215911757331 12.3576095049 99.4586454791
X6 NS18 28.19 P -67.628998 -27.900801 1.376 1.47422308110459 235.79724019017678 56.4340974065299 27.7080834349 81.3556604781
X6 BB12 18.05 P -67.124496 -27.5131 2.152 0.8906901524827148 240.62086331755918 61.02218654890224 16.938969228 94.9086756529
X6 NS17 26.69 P -67.624702 -27.707899 1.496 1.3735880390841633 242.42963061157644 63.06244303626653 25.8606552302 81.3563637669
X6 BB24 33.79 P -68.097702 -27.832701 3.117 1.8050516342067846 244.89112321269096 65.74339150975565 33.7812969831 81.3511451236
X6 NS16 25.47 P -67.613403 -27.5686 1.608 1.3070405338350457 247.68232516076318 68.308461867631 24.6389942715 81.3566534815
X6 NS15 24.77 P -67.603302 -27.479601 1.646 1.2683053733702037 251.27114869640917 71.8917120126489 23.927904379 81.3567568314
X6 NS14 26.15 P -67.694199 -27.443701 1.839 1.3351401447900542 253.81126319975817 74.47308922527968 25.1548393877 81.3565483349
X6 BB01 33.21 P -68.143997 -27.424 3.455 1.7192999523120784 257.98657681199865 78.85417808929009 32.2071106182 81.3526365472
X6 NS13 26.99 P -67.773598 -27.336 2.022 1.3797333819530555 258.9108871570237 79.60781125300208 25.9734697048 81.3563299312
X6 BB11 12.75 P -66.943604 -27.112499 2.193 0.6189401180366418 266.7255817011555 87.04178560400152 11.9349296406 100.007016108
X6 NS11 24.76 P -67.702599 -27.112499 2.17 1.2941490603486085 268.1792573678437 88.84119164601398 24.4023360141 81.3566932553
X6 BB02 31.55 P -68.089996 -27.111 3.81 1.6389095381522159 268.4569190576943 89.29531162372555 30.7313384199 81.3538315574
X6 NS10 24.47 P -67.688004 -27.051001 2.485 1.2813728037164633 270.91802194765046 91.57262024390658 24.1677928527 81.3567273892
X6 EW20 43.71 P -68.766998 -26.91 4.455 2.2496269811338703 273.7323006342591 94.87520155476055 41.5689694237 49.478306206
X6 EW18 40.19 P -68.552002 -26.906 4.475 2.059022310871847 274.29221862809743 95.33742606584303 38.4435203893 81.3454266479
X6 EW19 41.87 P -68.666 -26.881001 4.575 2.162637549851564 274.699964466439 95.79646053097977 40.3410673902 49.4824565903
X6 EW17 37.87 P -68.427002 -26.885 4.38 1.95021443897115 275.2098012992783 96.19790202150158 36.4461071447 81.3481138146
X6 NS09 24.41 P -67.652603 -26.910101 3.44 1.26166590416243 277.36754216450765 98.00449477526338 23.80601873 81.356769661
X6 EW16 35.47 P -68.277 -26.851 4.705 1.8214663343897586 276.7254967762026 97.64498619538253 34.082629077 81.3508342245
X6 EW15 33.63 P -68.162903 -26.7444 4.71 1.7387428537288585 280.65585885949 101.52201430083679 32.5640341927 81.3523179566
X6 NS08 24.89 P -67.648399 -26.7841 4.19 1.281633581298708 282.9783570722771 103.61203152824186 24.1725801392 81.3567267452
X6 EW14 31.31 P -68.002602 -26.709 4.552 1.6067276437194915 282.91048077179335 103.70358412690769 30.1405559602 81.3542545752
X6 EW12 27.49 P -67.773598 -26.685101 3.735 1.4153652283948321 285.80692397690063 106.49613915829543 26.6275888886 81.3561103156
X6 EW13 29.23 P -67.877296 -26.6523 3.882 1.5135417737182253 285.99994651868633 106.73564160347027 28.4298832178 81.3552999068
X6 EW11 26.51 P -67.676201 -26.666201 3.755 1.337952290902479 287.64044340498276 108.2854045177051 25.2064640025 81.3565364253
X6 BB09 33.91 P -68.098801 -26.525101 3.787 1.741112409461052 288.125832621515 108.95981666353183 32.6075333534 81.3522783436
X6 NS07 23.71 P -67.550499 -26.6677 3.517 1.2312693768023477 289.2121130430485 109.80026434442499 23.2480071393 81.3568098852
X6 NS06 22.33 P -67.440002 -26.616301 3.111 1.158608629040833 293.2601281730696 113.79785222928129 21.9065031689 90.5369811344
2B EW03 10.28 P -66.757 -26.858917 3.238 0.5030380576180221 295.8107908863545 116.04099877928691 9.82690498006 103.343422567
2B EW01 14.93 P -67.010778 -26.740556 3.72 0.7585589612514748 296.3126911292143 116.65729182187597 14.4988912681 97.0855830805
X6 EW10 19.93 P -67.262001 -26.591999 3.505 1.026371543270086 298.0871171780436 118.54425488373583 19.4524572322 92.903505003
X6 NS05 22.67 P -67.403397 -26.512501 3.037 1.1755090861794169 298.5411540016335 119.06141427299809 22.2203156678 90.0
X6 BB10 28.35 P -67.690697 -26.379 3.336 1.4652221436079873 298.20552428203536 118.85382202780356 27.5428470525 81.3557362674
2B EW02 12.21 P -66.837028 -26.750694 3.213 0.6182635263686418 301.9242834452948 122.19029113579208 11.9225575515 100.023539049
2B BB05 40.73 P -68.243278 -26.009306 4.339 2.0797473244174105 300.4990691048055 121.39022264501784 38.8239729773 81.3448746814
2B NS04 22.52 P -67.337139 -26.420028 3.076 1.1736845421244153 303.90165822341146 124.39126446877106 22.1864364194 90.0022434741
X6 BB08 35.47 P -67.917999 -26.016001 3.347 1.8323775347606697 305.077176783097 125.82301832600785 34.28293079 81.3506230563
2B NS03 24.31 P -67.386861 -26.315444 3.135 1.2710017792458048 306.6582366506762 127.169299924417 23.9774042955 81.3567512106
2B NS02 26.51 P -67.414333 -26.200694 3.341 1.3621229431099333 309.87996863548307 130.4023368988686 25.650182198 81.3564237046
2B NS01 27.93 P -67.426306 -26.098111 3.347 1.4385600600397386 312.71517243860535 133.24197159011953 27.0533927062 81.3559459559
X6 BB19 20.51 P -67.061501 -26.306299 4.419 1.0598439091041707 316.61323204519556 136.9780498859567 20.0733290172 92.3933197944
2B NS20 29.16 P -67.370778 -25.931753 3.59 1.524084304813595 318.5676764723864 139.06816986605997 28.6234194534 81.3551950822
X6 BB07 39.63 P -67.618103 -25.516001 3.399 1.9869597493393916 321.55753747213697 142.1640009974271 37.1206515475 81.3472459811
2B NS22 30.77 P -67.265917 -25.756694 4.379 1.6052476075032036 325.22298039253076 145.6752878681536 30.1133860261 81.354273266
2B NS24 33.49 P -67.234444 -25.582833 4.317 1.7370734253372502 329.23374280779234 149.6707148113808 32.533387629 81.3523457628
2B GALAN 26.8 P -66.948139 -25.844667 4.63 1.3836511965724267 332.96540811610015 153.2767938898218 26.0453918371 81.3563077383
2B BB20 32.68 P -66.786583 -25.438806 4.284 1.7093312293321108 343.51043861088255 163.74813474815065 32.0241094072 81.3527954351
2B BB18 10.96 P -66.362944 -26.542889 2.984 0.5454604159919271 349.2661453082869 169.3173658625232 10.5955100118 101.991542785
2B EW05 6.33 P -66.295167 -26.785944 2.339 0.29573708363631 352.0567199566906 172.0774560209824 6.1710019591 114.168910615
2B BB21 30.14 P -65.941444 -25.535861 2.507 1.5674861364837391 10.211748875184067 190.07526056743723 29.4201750543 81.3547273799
2B BB17 23.33 P -65.895889 -25.914444 1.623 1.2066171432724346 15.279313850990142 195.1215942304689 22.7954452086 81.4301190623
2B EW06 5.64 P -66.127972 -26.849167 2.244 0.2539000899155423 25.254947823595842 205.19989485990197 5.47277769228 117.939957317
2B BB16 11.55 P -65.865694 -26.629639 2.224 0.5647735928916104 37.3954110648602 217.2220869473802 10.9467498059 101.437130058
2B EW07 6.01 P -66.044 -26.894972 2.295 0.25943847073344556 44.912745080596814 224.8195433951159 5.56386191392 117.389103656
2B EW08 8.94 P -65.788833 -26.936083 2.491 0.4344557716315949 70.92005126448561 250.71091004435243 8.59471353912 105.980495486
2B EW22 10.4 P -65.692889 -26.951917 2.052 0.5117656897024824 75.76546115556292 255.51268194684909 9.98468488749 103.049912147
2B EW24 15.75 P -65.397556 -27.040778 0.376 0.7595353173089309 87.32056617599845 266.93304562626224 14.5168822682 97.0678403057
