2B EW01 18.07 P -67.010778 -26.740556 3.72 0.9408137868366371 182.02071998538048 2.03716123868125 17.7938425391 89.2470033654
X6 BB19 9.93 P -67.061501 -26.306299 4.419 0.5120878416688355 188.84835013450305 8.886942784947678 9.7661145223 91.7648927398
X6 EW09 17.29 P -67.184097 -26.684099 3.898 0.903702260286235 192.0107510042645 12.103814056331998 17.0989385681 89.3737095162
X6 EW10 15.77 P -67.262001 -26.591999 3.505 0.8328780706862269 198.03602625931828 18.163328356985375 15.7727284227 89.6326784699
X6 NS16 35.21 P -67.613403 -27.5686 1.608 1.8583558446996233 197.7716949858734 18.059037425066833 34.9632334645 86.7096971206
X6 NS15 33.53 P -67.603302 -27.479601 1.646 1.7710661320268077 198.38871894735402 18.671084218328957 33.3311456418 86.932141802
2B NS04 13.27 P -67.337139 -26.420028 3.076 0.7004032835599935 207.69714606491337 27.85712736205093 13.2920044584 90.2351042386
X6 NS10 26.05 P -67.688004 -27.051001 2.485 1.4047760378076635 206.93193242219004 27.249875746488726 26.4790368109 87.8874418477
X6 NS05 15.41 P -67.403397 -26.512501 3.037 0.8099302819958484 208.34817976137418 28.537634078601144 15.3430124188 89.7231065537
X6 NS09 23.85 P -67.652603 -26.910101 3.44 1.2655881762918162 208.58236220764394 28.883797680189048 23.8740628731 88.2688169186
X6 NS07 19.35 P -67.550499 -26.6677 3.517 1.009984602375437 210.69202516877854 30.947031170583443 19.0889940023 89.0225469478
X6 NS08 21.83 P -67.648399 -26.7841 4.19 1.154884701918484 211.44021754285666 31.739118524626463 21.8018098573 88.5857129544
X6 BB01 36.25 P -68.143997 -27.424 3.455 1.9315955961342375 212.5394157027344 33.063746219258974 36.3323484324 86.5253311568
2B NS03 12.17 P -67.386861 -26.315444 3.135 0.634937529816396 215.68845378862767 35.869978643172885 12.0661256528 90.6439868712
X6 EW11 20.53 P -67.676201 -26.666201 3.755 1.0709216567924584 215.893542620296 36.204108456574374 20.2299079396 88.8343637925
X6 BB02 30.39 P -68.089996 -27.111 3.81 1.6482360843485013 217.08030259993467 37.577693269865904 31.0339890958 87.2489258671
X6 EW12 21.89 P -67.773598 -26.685101 3.735 1.1391312499944022 218.8645147465367 39.218254177326884 21.5068957226 88.6315833378
2B NS02 11.45 P -67.414333 -26.200694 3.341 0.5631883951981234 224.59677444600553 44.789970105447935 10.7227263041 91.2306031206
X6 EW13 23.01 P -67.877296 -26.6523 3.882 1.1759916583348429 223.377102163767 43.77646473425949 22.1969357616 88.5247477797
X6 EW14 25.13 P -68.002602 -26.709 4.552 1.2950805885932584 225.21610086480246 45.671301520148404 24.426079891 88.1874726778
X6 BB10 16.85 P -67.690697 -26.379 3.336 0.8657861845004142 227.90145281900544 48.21680855257054 16.3889519503 89.5090806349
2B NS01 10.13 P -67.426306 -26.098111 3.347 0.5043306769401615 233.7126801038358 53.91075972962065 9.62091695275 91.8555368174
2B NS19 9.19 P -67.407083 -26.038944 3.404 0.45707433787783536 238.43612543640057 58.62559194407926 8.73658725903 92.5362954246
2B NS20 7.67 P -67.370778 -25.931753 3.59 0.38075682252849397 249.72206236758262 69.89532492467801 7.30994056087 94.2790199907
X6 BB08 17.41 P -67.917999 -26.016001 3.347 0.8764011102045856 255.5480940634534 75.96072418871678 16.5877203289 89.4704966736
2B NS21 5.98 P -67.294083 -25.839222 4.095 0.2910686782558435 262.2519242484644 82.39149393388863 5.63940082668 97.662654359
2B BB05 23.15 P -68.243278 -26.009306 4.339 1.1610283436874134 259.3539178296997 79.90861638351006 21.9168209861 88.5679109999
2B NS22 5.63 P -67.265917 -25.756694 4.379 0.26678946270421905 279.35043027547766 99.47754290016138 5.18932471415 98.8856499731
2B BB06 24.89 P -68.372254 -25.545861 3.833 1.2859713499504386 281.10954272082796 101.71550152920304 24.2555824688 88.2125187741
X6 BB07 13.08 P -67.618103 -25.516001 3.399 0.6467700512045305 295.93958286508484 116.21864231015637 12.2876896358 90.5625706804
2B NS23 5.59 P -67.226417 -25.662889 4.418 0.2659806516340614 301.05893450019533 121.16868245165568 5.17436215696 98.9310939237
2B NS24 6.51 P -67.234444 -25.582833 4.317 0.32022424868986915 312.72518104639346 132.8382499407335 6.18124427974 96.354596775
2B NS25 7.06 P -67.210333 -25.517667 4.214 0.3541484304608089 322.9028202977593 143.00531518171903 6.81331910512 95.0937924183
2B NS26 8.72 P -67.206639 -25.41475 4.035 0.4391164283373481 331.3618250461439 151.46253195686353 8.40068427952 92.8785477496
2B BB20 7.74 P -66.786583 -25.438806 4.284 0.3989324931298954 25.050625013800577 204.9697453040738 7.64947036807 93.7949566908
2B BB21 19.38 P -65.941444 -25.535861 2.507 0.9671884400126796 74.35478320764794 253.90767201511864 18.2876893974 89.1598180753
2B BB17 19.79 P -65.895889 -25.914444 1.623 0.9765300233009264 96.94541335191533 276.4753625501012 18.4626014229 89.1294379136
2B BB16 25.29 P -65.865694 -26.629639 2.224 1.2944920548737986 130.08285570962164 309.5934090759013 24.4150643871 88.1890888091
2B EW08 29.64 P -65.788833 -26.936083 2.491 1.5545762511808792 137.19623610710818 316.6699803921638 29.2819571634 87.4936213285
2B GALAN 2.01 P -66.948139 -25.844667 4.63 0.04992213699830905 152.63888471212476 332.6277799170391 1.46927336037 139.015275681
2B BB18 18.12 P -66.362944 -26.542889 2.984 0.9229160644661764 143.70329272147237 323.4339337794546 17.458714514 89.307472739
2B EW06 24.63 P -66.127972 -26.849167 2.244 1.2940366705805568 144.33213075923535 323.95709411049086 24.406541016 88.1903395015
2B EW05 22.25 P -66.295167 -26.785944 2.339 1.158191975158061 148.46880295114812 328.1682531200215 21.863723282 88.5761238101
X6 BB14 38.25 P -65.9785 -27.597099 1.854 2.0046531005632837 153.8960547598913 333.4488785883983 37.697780046 86.3417803582
2B EW03 20.84 P -66.757 -26.858917 3.238 1.0762425414719665 169.6545800843729 349.5584916494065 20.3295265426 88.818274719
2B EW02 18.3 P -66.837028 -26.750694 3.213 0.958222953461164 172.68589427589743 352.6254187773172 18.1198181338 89.1892135204
