X6 BB11 3.79 P -66.943604 -27.112499 2.193 0.1589777724095277 166.5709917923751 346.5521380094776 3.36137204861 115.022774094
X6 BB12 12.69 P -67.124496 -27.5131 2.152 0.5688945069850588 192.55331030244363 12.61711325624995 10.8487575289 94.508624247
X6 NS16 18.61 P -67.613403 -27.5686 1.608 0.8276024017143359 222.30002928098202 42.587856028570855 15.6787369307 91.7400258643
X6 BB24 25.41 P -68.097702 -27.832701 3.117 1.3195128319999527 228.21728392877384 48.729257307352725 24.8746800599 89.2028500888
X6 NS14 15.95 P -67.694199 -27.443701 1.839 0.7961147094304049 232.23114711209956 52.55529742061549 15.090357611 91.9880801913
X6 NS13 16.01 P -67.773598 -27.336 2.022 0.7970504997451064 241.49992598223852 61.859711347174084 15.1078425118 91.9804250895
X6 NS12 14.61 P -67.756798 -27.2283 2.017 0.7383369830965584 248.33926900785139 68.6907421448359 14.0109546666 92.4838288982
X6 NS11 12.73 P -67.702599 -27.112499 2.17 0.6575489041259751 256.2364511789895 76.56259285765908 12.5024987952 93.3370377178
X6 NS10 12.21 P -67.688004 -27.051001 2.485 0.6331676038096354 261.38272140920594 81.7018926544549 12.0475072545 93.6349413119
X6 BB02 19.45 P -68.089996 -27.111 3.81 0.9960203619491842 260.90559124778343 81.40781567305329 18.8267954749 90.6826860031
X6 NS09 11.73 P -67.652603 -26.910101 3.44 0.5970271337532531 274.43836847158855 94.74073350413298 11.3732485513 94.0885809306
X6 EW15 21.09 P -68.162903 -26.7444 4.71 1.072290460635934 281.2168418237389 101.74884833248225 20.252698874 90.2821224235
X6 NS08 12.29 P -67.648399 -26.7841 4.19 0.6166843981184787 286.21680923035336 106.51661984144503 11.7399722114 93.8437713112
X6 EW14 18.83 P -68.002602 -26.709 4.552 0.9414425616235478 285.0984507985645 105.55776790601537 17.8065083248 90.9898060589
X6 EW12 14.85 P -67.773598 -26.685101 3.735 0.7547005587978578 291.009888840549 111.36568195071531 14.3166167775 92.3339190019
X6 NS07 11.49 P -67.550499 -26.6677 3.517 0.5821051094211239 299.77237871634657 120.0274271845276 11.095012239 94.3058366336
X6 NS06 10.37 P -67.440002 -26.616301 3.111 0.5306492838930088 309.9646467427478 130.1696697559228 10.1362547974 95.1518192815
X6 BB10 16.77 P -67.690697 -26.379 3.336 0.8559680785660989 312.39453560116146 132.71124130625708 16.2088531878 91.5382103758
X6 NS05 11.33 P -67.403397 -26.512501 3.037 0.5813161059418295 319.91462373687153 140.1028117263681 11.0803027402 94.317663816
X6 EW09 6.99 P -67.184097 -26.684099 3.898 0.326337077692497 326.98264017630083 147.07243650687514 6.35203444932 101.055053459
X6 EW10 8.75 P -67.262001 -26.591999 3.505 0.4415717920201627 325.8899963568815 146.01474515763243 8.48033306238 97.102838205
2B NS04 11.98 P -67.337139 -26.420028 3.076 0.6230705867112089 329.6004863656716 149.75861329913621 11.8591248084 93.7648970968
2B NS03 14.05 P -67.386861 -26.315444 3.135 0.7359977763177583 330.70329530268435 150.8834282935803 13.9672624477 92.5057824529
2B NS02 16.66 P -67.414333 -26.200694 3.341 0.848931967578235 333.01898825621856 153.2110549701523 16.0773468791 91.5825781248
2B NS01 18.35 P -67.426306 -26.098111 3.347 0.9460602650933625 335.2384245425804 155.43549649925313 17.8928292465 90.9626960776
2B EW01 4.68 P -67.010778 -26.740556 3.72 0.21852384111660722 353.97229256336766 173.98389757885136 4.39853637281 108.011195903
2B NS21 21.59 P -67.294083 -25.839222 4.095 1.1523820197679862 346.0339535936266 166.1713456635859 21.750098299 89.8960976408
2B NS22 22.99 P -67.265917 -25.756694 4.379 1.2272537218033708 348.10544343306873 168.2301315883444 23.1498933759 89.570900741
2B NS24 26.1 P -67.234444 -25.582833 4.317 1.3931019979809887 350.70812758249997 170.81850465878017 26.2503384668 88.9361417244
X6 BB19 12.69 P -67.061501 -26.306299 4.419 0.6551459304133854 353.99788490391506 174.03214057588153 12.457646757 93.3644796701
2B NS25 27.47 P -67.210333 -25.517667 4.214 1.45430855867284 351.964268099122 172.0638584727172 27.3944207882 88.7159691453
2B EW02 5.05 P -66.837028 -26.750694 3.213 0.24570487489183052 32.55318902874301 212.4863090403331 4.88486086891 105.766022561
2B BB17 28.11 P -65.895889 -25.914444 1.623 1.4282510211699904 43.310730944784275 222.82578956200382 26.9073613561 88.809063413
2B BB18 13.87 P -66.362944 -26.542889 2.984 0.6934342770574591 53.38158796645218 233.10155644307406 13.1723894099 92.9294798929
2B EW03 4.8 P -66.757 -26.858917 3.238 0.22618451572909878 64.10681312216049 244.00359050599516 4.53500393333 107.33263831
2B BB16 20.88 P -65.865694 -26.629639 2.224 1.0517314534356943 72.06772985282511 251.5631165143109 19.8683312003 90.3852785377
2B EW05 12.5 P -66.295167 -26.785944 2.339 0.6389821823676167 74.54728815437028 254.23544455041815 12.155975043 93.5528709096
2B EW06 15.02 P -66.127972 -26.849167 2.244 0.7720355778479637 82.09961679216762 261.7117771342724 14.6404780309 92.1913084002
2B EW07 16.71 P -66.044 -26.894972 2.295 0.8414115397523757 85.92589207499508 265.49971878814813 15.9368002723 91.63716576
2B EW08 20.7 P -65.788833 -26.936083 2.491 1.0665873054909694 89.10043689908451 268.55832169023427 20.1460732682 90.3105366433
2B EW22 22.39 P -65.692889 -26.951917 2.052 1.1518251341013603 89.99656916385621 269.41081218878946 21.7396866969 89.8987092801
X6 BB15 13.07 P -66.369797 -27.3405 2.856 0.6679449503566715 125.0885066135832 304.80774239437415 12.6965553824 93.2199857819
X6 BB13 14.75 P -66.598 -27.6413 0.937 0.7651037666557369 153.37232522464427 333.19478856791227 14.5109595855 92.2418486434
