X6 NS15 19.32 P -67.603302 -27.479601 1.646 0.996837152479964 183.154884533695 3.1829407332233757 18.8797519909 94.5947403592
X6 NS16 21.32 P -67.613403 -27.5686 1.608 1.0862037508016709 183.36582227339628 3.3985115796389778 20.5415426053 93.9319339028
X6 NS07 4.78 P -67.550499 -26.6677 3.517 0.18358978947543686 182.51972918852235 2.523769969718302 4.19019715189 123.578757277
X6 NS10 11.24 P -67.688004 -27.051001 2.485 0.5816192465817193 192.96688018571555 13.032877390831203 11.1957143368 100.145952569
X6 NS09 8.94 P -67.652603 -26.910101 3.44 0.4372353722783304 193.10038683588883 13.150317847732339 8.5633649518 104.337266344
X6 BB24 27.16 P -68.097702 -27.832701 3.117 1.4363604975946702 200.02828807235463 20.282202646453015 27.0619958905 92.1819864255
X6 NS08 6.76 P -67.648399 -26.7841 4.19 0.3146803320030231 197.65921168315157 17.707148686646235 6.38022299391 110.456885158
X6 BB01 20.22 P -68.143997 -27.424 3.455 1.0823577172207506 209.61335643040826 29.886480753946756 20.4699964707 93.9581428256
X6 BB25 28.36 P -68.542603 -27.619499 4.1 1.4434735770402682 217.91995536646812 38.3753008572107 27.1945415799 92.1563242365
X6 BB02 14.9 P -68.089996 -27.111 3.81 0.7952926960820106 217.87546660933066 38.12277108639876 15.1388950466 96.5817882224
X6 EW11 5.48 P -67.676201 -26.666201 3.755 0.21820250563026336 213.4903456091264 33.550622022452245 4.74219205764 118.984855598
X6 EW12 6.74 P -67.773598 -26.685101 3.735 0.2888231810619506 225.89860266758316 46.00248625581409 5.9311598085 112.292533414
X6 EW16 14.42 P -68.277 -26.851 4.705 0.7526652139884364 240.67753294868595 61.00765607884466 14.3496988547 97.1395051824
X6 EW17 18.08 P -68.427002 -26.885 4.38 0.8868987631613022 242.9417581974888 63.339442605856476 16.8377534993 95.5836814296
X6 EW14 10.14 P -68.002602 -26.709 4.552 0.4695928736440178 241.30783675447333 61.51429127783449 9.14943085414 103.196379732
X6 EW13 7.8 P -67.877296 -26.6523 3.882 0.34416225004905904 240.70418525932763 60.85439005967898 6.89834515533 108.647209088
X6 EW18 20.22 P -68.552002 -26.906 4.475 0.9964522064956722 244.73613508814663 65.19012361460302 18.8725971062 94.5978523136
X6 EW19 21.86 P -68.666 -26.881001 4.575 1.0802535087495173 248.20276526394275 68.70775093832212 20.4308537521 93.972565322
X6 EW20 23.58 P -68.766998 -26.91 4.455 1.1747246015966226 248.47839222100907 69.02901256239781 22.1888590871 93.3839304515
X6 BB04 25.34 P -69.021004 -26.540001 3.72 1.3251128355490345 267.2602570615004 87.9207333426009 24.9893319612 92.6249028899
X6 BB22 29.62 P -69.237 -26.157 3.455 1.5545797447528618 281.7765938055815 102.52843040147624 29.2352931976 79.8892587768
X6 BB23 38.62 P -69.426003 -25.367001 2.81 2.029961768219376 302.97858115099325 123.8026077775561 37.9621367357 79.8830241401
2B BB05 16.67 P -68.243278 -26.009306 4.339 0.7885514986143808 306.8824281700366 127.1928018381522 15.0140365186 96.6668975503
X6 BB10 4.78 P -67.690697 -26.379 3.336 0.17012535331923395 308.20150291181255 128.26792969087887 3.9835888781 125.69563638
2B BB06 23.52 P -68.372254 -25.545861 3.833 1.199186942838056 321.31131101173645 141.67571788282643 22.6442406725 93.245341267
X6 BB08 12.06 P -67.917999 -26.016001 3.347 0.5773503370719925 324.11964552626876 144.2861840957711 11.1173673954 100.242211493
X6 BB07 18.44 P -67.618103 -25.516001 3.399 0.9707337228984776 355.91422442940006 175.9478208177637 18.3946462282 94.8111054104
2B NS01 8.09 P -67.426306 -26.098111 3.347 0.39974088720614337 14.994010916180533 194.94300194938455 7.88828965622 105.861919286
2B NS19 9.0 P -67.407083 -26.038944 3.404 0.46136168517235276 15.171770136809963 195.1123087087167 9.00008388886 103.473392083
2B NS20 10.75 P -67.370778 -25.931753 3.59 0.5733645903429717 15.529099183445604 195.45371663162825 11.0442389611 100.333284975
2B NS26 21.26 P -67.206639 -25.41475 4.035 1.1111032797871714 15.795215727877196 195.6486952787639 21.0047921379 93.766912983
2B NS24 17.51 P -67.234444 -25.582833 4.317 0.9427213305851975 17.083222815488554 196.94846674846596 17.874234688 95.0557105523
2B NS25 18.91 P -67.210333 -25.517667 4.214 1.0113997502102132 17.186213539251263 197.04104337917528 19.1504452031 94.4787070229
2B NS02 7.06 P -67.414333 -26.200694 3.341 0.30562400632606407 21.915719041664094 201.85930492909407 6.22228896599 111.069304496
2B NS21 12.82 P -67.294083 -25.839222 4.095 0.682210444972581 19.048796416127274 198.93972125531633 13.0476292844 98.2050059787
2B NS22 14.42 P -67.265917 -25.756694 4.379 0.7685065855070558 18.840689523111138 198.7193731612316 14.6428711796 96.9249972377
2B NS23 16.2 P -67.226417 -25.662889 4.418 0.8687783478957688 19.07922941325898 198.94075317212906 16.501488112 95.7672326795
2B NS03 5.26 P -67.386861 -26.315444 3.135 0.2183705405297291 39.39233809219494 219.32359504146987 4.74493320487 118.965111677
2B BB20 23.82 P -66.786583 -25.438806 4.284 1.2464561375942445 33.15685477569901 212.82637321959848 23.5243634565 92.9953392243
2B GALAN 16.67 P -66.948139 -25.844667 4.63 0.8322851247393277 39.911047827420575 219.64941419426964 15.8246621807 96.1654817915
2B BB21 33.67 P -65.941444 -25.535861 2.507 1.7225441548922957 56.94559726469277 236.24387962861815 32.3187249035 79.8877287052
2B NS04 4.91 P -67.337139 -26.420028 3.076 0.19389428081301827 70.69068470506764 250.59966662674412 4.35165956935 122.092792846
X6 BB19 9.72 P -67.061501 -26.306299 4.419 0.4653152865823121 67.61742897713543 247.40405326546454 9.07179647078 103.339214023
2B BB17 31.0 P -65.895889 -25.914444 1.623 1.5826444429977586 69.26118471050417 248.5346195383407 29.7504960704 79.8890549022
X6 NS05 3.88 P -67.403397 -26.512501 3.037 0.12674524871747733 102.8923558352138 282.83075273984593 3.36181419745 134.184470742
2B BB18 20.9 P -66.362944 -26.542889 2.984 1.0561991300013502 93.44350602922565 272.9173865998113 19.983442543 94.1417117222
2B BB16 29.72 P -65.865694 -26.629639 2.224 1.50598206818773 95.91276172491571 275.16350149912904 28.3431516524 79.8895622755
2B EW05 22.57 P -66.295167 -26.785944 2.339 1.1541540171076885 105.42979845896525 284.87105387871674 21.8059792239 93.5057055963
2B EW22 33.29 P -65.692889 -26.951917 2.052 1.7161228658597856 106.22662705577306 285.3954396557149 32.2008454284 79.8878008221
2B EW06 25.62 P -66.127972 -26.849167 2.244 1.314779517851628 106.42858798437071 285.7941823351831 24.7968505073 92.6709442592
2B EW08 31.59 P -65.788833 -26.936083 2.491 1.6294790539767996 106.48944020727905 285.70161497854974 30.610270274 79.8886682651
2B EW24 39.25 P -65.397556 -27.040778 0.376 1.9934694975663 106.6904743573431 285.7249834139202 37.2922353315 79.8837101699
X6 EW10 6.22 P -67.262001 -26.591999 3.505 0.2722350660360688 113.36917127117873 293.2443074260207 5.64630663303 113.617604491
2B EW02 13.8 P -66.837028 -26.750694 3.213 0.6838082726582776 113.08656535853133 292.7709500924829 13.0771206561 98.1785388965
2B EW01 11.54 P -67.010778 -26.740556 3.72 0.5392500038314175 118.49297239368417 298.2552467459967 10.4192468889 101.163539336
2B EW03 15.81 P -66.757 -26.858917 3.238 0.7948183648647044 118.29679867717482 297.94466386679557 15.1301087996 96.5877177358
X6 EW09 8.3 P -67.184097 -26.684099 3.898 0.37690940322000177 122.0940783815629 301.93415021898164 7.47983594596 106.919442312
X6 BB14 35.0 P -65.9785 -27.597099 1.854 1.7821851044253176 128.99094532977108 308.28031579072996 33.413588437 79.8870074729
