X6 NS14 14.09 P -67.694199 -27.443701 1.839 0.7188744365116111 184.35869363482223 4.386723933708851 13.6407047559 91.5494023056
X6 NS13 12.43 P -67.773598 -27.336 2.022 0.6218882489195308 191.616288088891 11.68035247206737 11.8270393613 92.4190288419
X6 NS12 10.07 P -67.756798 -27.2283 2.017 0.5134452791396095 192.41696103780657 12.473285818750867 9.80090523773 93.8568235002
X6 BB24 21.99 P -68.097702 -27.832701 3.117 1.1805055052802873 200.38945059755343 20.602617203156967 22.2776025294 89.1576888699
X6 EW14 7.53 P -68.002602 -26.709 4.552 0.3309484745140605 273.0205823909706 93.1869183007527 6.40516073457 98.6573148169
X6 EW13 5.57 P -67.877296 -26.6523 3.882 0.23097559791996544 288.79311042735367 108.90300043228603 4.57062490147 104.247677158
X6 EW12 3.69 P -67.773598 -26.685101 3.735 0.1326851190969657 288.3392237607794 108.40257300549217 2.83753799883 116.041035325
2B BB05 18.35 P -68.243278 -26.009306 4.339 0.9023794767114478 322.54203804494665 142.81325300286775 17.0737516377 90.3659014888
2B BB06 26.61 P -68.372254 -25.545861 3.833 1.354898892246043 330.4916929986281 150.81752178156913 25.5400045103 88.5598129154
X6 BB10 7.43 P -67.690697 -26.379 3.336 0.35177388052251224 351.496967292284 171.5229212280597 6.7908578724 97.8713596209
X6 EW11 2.71 P -67.676201 -26.666201 3.755 0.07212054221723277 327.33109289761956 147.35066424801414 1.89489167947 132.961327625
2B NS26 25.63 P -67.206639 -25.41475 4.035 1.3668213470503427 16.351742803604555 196.16451094611864 25.7630130503 88.5211831636
2B NS20 15.13 P -67.370778 -25.931753 3.59 0.8290771519899854 16.502273287803284 196.38612752599212 15.7022689167 90.7864148414
2B NS19 13.35 P -67.407083 -26.038944 3.404 0.7170340601187057 16.418039587234027 196.31780817928674 13.6062819515 91.5637769005
2B NS25 23.35 P -67.210333 -25.517667 4.214 1.2673004312535714 17.502523726086142 197.31657663937472 23.9013721122 88.8516219842
2B NS24 22.14 P -67.234444 -25.582833 4.317 1.1986139105443123 17.43730824412949 197.2617753818819 22.6163887892 89.0921841609
2B NS01 12.42 P -67.426306 -26.098111 3.347 0.6553988885313614 16.422982413827743 196.33119812024563 12.4535819023 92.0814660855
2B NS22 18.77 P -67.265917 -25.756694 4.379 1.0244627054519508 18.809009958508017 198.64685418605367 19.358036006 89.7725538333
2B NS21 17.22 P -67.294083 -25.839222 4.095 0.9381619880236121 18.95367228332152 198.80375315365626 17.7432689545 90.1791671595
2B NS02 13.73 P -67.414333 -26.200694 3.341 0.5613423308883287 20.422787210612487 200.32550230989608 10.6954249432 93.1233740214
2B NS03 9.29 P -67.386861 -26.315444 3.135 0.46655476042289534 28.17733562389148 208.0675883149928 8.92590074339 94.7000746686
2B BB20 28.3 P -66.786583 -25.438806 4.284 1.4955357381182952 30.72447259894997 210.3524581803031 28.1703451353 88.1174821177
2B GALAN 20.79 P -66.948139 -25.844667 4.63 1.0747121190526792 34.97571367860769 214.672572176644 20.2982348384 89.5626583994
2B NS04 8.25 P -67.337139 -26.420028 3.076 0.4050027407918488 40.79997769723856 220.66778696825344 7.77936211975 96.1730521847
X6 NS05 6.27 P -67.403397 -26.512501 3.037 0.2966074770583333 43.756886819229614 223.65417128199755 5.77126671401 100.202639793
X6 NS07 2.89 P -67.550499 -26.6677 3.517 0.09429666213933513 51.11519692526255 231.0782937479175 2.21770109003 125.175697141
X6 BB19 13.13 P -67.061501 -26.306299 4.419 0.661889096519293 50.67202634896245 230.41703470363993 12.5749477273 92.023481756
2B BB21 37.43 P -65.941444 -25.535861 2.507 1.9297079458342903 52.26250372061644 231.5175654637419 36.2861376717 86.8711798282
X6 EW10 7.49 P -67.262001 -26.591999 3.505 0.3576581671145899 67.92092669476826 247.75462620170995 6.90003360944 97.6793067593
2B BB18 22.7 P -66.362944 -26.542889 2.984 1.1497734555334491 81.0747917805967 260.505563897287 21.7026303248 89.2711487258
X6 EW09 8.57 P -67.184097 -26.684099 3.898 0.4029755682656283 84.00108399887299 263.79950664251123 7.74165637009 96.230017396
2B BB16 31.26 P -65.865694 -26.629639 2.224 1.5818192685531174 86.87114768209952 266.07777416995765 29.7837866903 87.8559115504
2B EW01 11.71 P -67.010778 -26.740556 3.72 0.5555541507460805 91.54641759657518 271.26667481427074 10.5872919227 93.2051409151
2B EW06 26.26 P -66.127972 -26.849167 2.244 1.3487284640516413 95.53915046252664 274.86097920534985 25.4245856724 88.5798996748
2B EW08 32.07 P -65.788833 -26.936083 2.491 1.6585229886436506 97.66058248110383 276.8282889345793 31.2178734307 87.6305980555
2B EW22 33.87 P -65.692889 -26.951917 2.052 1.7453349765235031 97.84397760589991 276.9681291105258 32.8407034181 87.3854233788
X6 BB15 24.91 P -66.369797 -27.3405 2.856 1.2813134651180602 118.897152740612 298.32314635616643 24.1635147679 88.8039122279
X6 BB11 14.67 P -66.943604 -27.112499 2.193 0.7253419025600498 122.26802965696342 301.9560706501989 13.7616753156 91.4993564148
X6 BB14 32.93 P -65.9785 -27.597099 1.854 1.7096966232735473 120.97007630232919 300.2148856404933 32.174542562 87.4865073027
X6 NS08 2.21 P -67.648399 -26.7841 4.19 0.05888745020953231 193.8234371998241 13.830532555603298 1.72246196748 138.896708882
X6 BB13 25.07 P -66.598 -27.6413 0.937 1.297346956356491 135.04870715915317 314.5760062961177 24.4634486957 88.7498332088
X6 NS16 16.43 P -67.613403 -27.5686 1.608 0.841855006227806 178.8394050224729 358.8306281091479 15.9413336901 90.708844581
X6 NS17 18.71 P -67.624702 -27.707899 1.496 0.9810053841763958 179.58962321625327 359.58599340960507 18.5449096205 89.963673017
X6 NS18 22.13 P -67.628998 -27.900801 1.376 1.1738864549326031 179.84297719000654 359.84130683558317 22.1537666936 89.1818745394
