2B EW01 15.3 P -67.010778 -26.740556 3.72 0.7809211674037614 185.24689398843415 5.282388835262566 14.8014611308 87.5948436574
X6 EW09 14.53 P -67.184097 -26.684099 3.898 0.756056912218509 197.4175073553135 17.529824860683277 14.3356971194 87.6132581311
X6 NS16 33.31 P -67.613403 -27.5686 1.608 1.7174305038263122 200.63200373650335 20.939436307320193 32.3348642703 86.1707499178
X6 EW10 13.23 P -67.262001 -26.591999 3.505 0.695638975954021 205.19718060163538 25.34380532290632 13.203907955 87.6512109071
X6 NS11 26.03 P -67.702599 -27.112499 2.17 1.3409807969872833 210.81878367916468 31.163628102031282 25.2898823197 86.8640005593
X6 NS10 23.93 P -67.688004 -27.051001 2.485 1.281798750940843 211.74423662874935 32.08219425039357 24.181899001 86.9623307699
X6 NS09 21.53 P -67.652603 -26.910101 3.44 1.146661629569976 214.14791925514055 34.46927793959469 21.6515617554 87.1722303449
X6 NS06 15.09 P -67.440002 -26.616301 3.111 0.7970579712040861 214.83009520103525 35.05562340885564 15.1037366552 87.5820594141
X6 NS05 13.17 P -67.403397 -26.512501 3.037 0.6940534167721797 217.5391818648911 37.74811201126033 13.1742057985 87.6520723894
2B NS04 11.11 P -67.337139 -26.420028 3.076 0.5847003132862275 218.48807747668974 38.667419707859835 11.1256665636 87.6937135111
X6 NS07 17.01 P -67.550499 -26.6677 3.517 0.8973494691635975 218.1064800188835 38.38119997324111 16.9823311184 87.488856776
X6 NS08 19.73 P -67.648399 -26.7841 4.19 1.0428919045580678 217.89865116056262 38.217428629984965 19.7082617317 87.3167819248
X6 BB02 29.65 P -68.089996 -27.111 3.81 1.5470888854761555 221.834108304658 42.35204163225043 29.147680159 86.4958029287
X6 EW11 18.75 P -67.676201 -26.666201 3.755 0.9700502919319354 223.36810705106726 43.6985459390379 18.3440239448 87.4078490701
X6 EW15 26.29 P -68.162903 -26.7444 4.71 1.3526106655033807 234.43577902138273 54.982745667703625 25.5076002527 86.844275192
2B NS02 10.06 P -67.414333 -26.200694 3.341 0.49510669003352475 241.19349965444502 61.40608178619024 9.44713307739 88.3036274659
X6 BB09 23.71 P -68.098801 -26.525101 3.787 1.1888889416325132 241.52314325596763 62.03964143191136 22.4422847128 87.1090402857
2B NS01 9.27 P -67.426306 -26.098111 3.347 0.465298055109919 253.00184049699533 73.21928789313937 8.88841586607 89.1204530123
2B NS19 8.63 P -67.407083 -26.038944 3.404 0.4347600852210449 259.8261148754842 80.03490503866966 8.31589323062 90.0
2B NS20 7.79 P -67.370778 -25.931753 3.59 0.3968395223592722 274.40956439264994 94.60206873339868 7.60499787962 91.2872599555
2B NS21 6.81 P -67.294083 -25.839222 4.095 0.34940931210247533 290.6555716596024 110.81425442823814 6.71634155029 92.9207300901
2B NS22 7.29 P -67.265917 -25.756694 4.379 0.36532557107384056 304.29603008434435 124.44219233625759 7.01442924165 92.3146746434
2B NS23 7.86 P -67.226417 -25.662889 4.418 0.40104445025259705 318.3655609042095 138.49427671863367 7.68381695613 91.1519081988
2B NS24 8.95 P -67.234444 -25.582833 4.317 0.4682242226717453 324.2041914691987 144.33621182769357 8.94327037995 89.0399440634
2B NS25 9.78 P -67.210333 -25.517667 4.214 0.5115191330916945 330.4523721510951 150.57376589936092 9.75467449734 87.8885981175
2B NS26 11.59 P -67.206639 -25.41475 4.035 0.6018990318543872 335.54902703342003 155.66859375790278 11.4478582092 87.6895697131
2B GALAN 2.72 P -66.948139 -25.844667 4.63 0.11928429911403446 352.489571423745 172.4971396150091 2.48153050165 111.670051018
2B EW07 23.91 P -66.044 -26.894972 2.295 1.224468025394867 139.764399446655 319.3696696144159 23.1084829491 87.0540465579
2B EW06 21.97 P -66.127972 -26.849167 2.244 1.1412588171945879 141.12251442458054 320.7654509123171 21.5503889293 87.1801438263
2B EW05 19.66 P -66.295167 -26.785944 2.339 1.0008270204587593 145.45947549823768 325.1770884847002 18.920447901 87.3705106655
X6 BB14 35.31 P -65.9785 -27.597099 1.854 1.8420681842572517 152.72764551469083 332.29851309357474 34.6660892443 85.9210058549
2B EW04 18.13 P -66.505583 -26.810583 2.671 0.9293112892629708 155.89542854535472 335.70643761934207 17.5809892851 87.4545382886
X6 BB15 28.17 P -66.369797 -27.3405 2.856 1.4659781258128552 160.12470072823254 339.8730273598387 27.6296859155 86.6458128666
2B EW03 17.46 P -66.757 -26.858917 3.238 0.9094107111728265 170.1820931279337 350.104776773954 17.2082450341 87.4761530149
X6 BB13 32.43 P -66.598 -27.6413 0.937 1.7044538448423048 170.03764236921307 349.8875561631796 32.0921089879 86.1963208236
2B EW02 15.19 P -66.837028 -26.750694 3.213 0.7922346924432778 173.93157617454747 353.88993751772915 15.0133870235 87.585948194
X6 BB11 22.25 P -66.943604 -27.112499 2.193 1.1496269335949945 180.56739286237166 0.573107106210557 21.707089619 87.1678701429
