X6 NS15 17.9 P -67.603302 -27.479601 1.646 0.9265266363106701 179.06780758658334 359.0600897031193 17.5491912684 93.3896348438
X6 NS16 19.9 P -67.613403 -27.5686 1.608 1.0154205315130056 179.65539936561433 359.65226517962196 19.205018017 92.6737652749
X6 NS17 23.24 P -67.624702 -27.707899 1.496 1.1547076696131162 180.19374225467715 0.1957534026842893 21.8011844327 91.7313247227
X6 NS18 25.83 P -67.628998 -27.900801 1.376 1.3476252333865257 180.3271511534282 0.3311345718504981 25.3988262428 90.7907693224
X6 NS14 18.06 P -67.694199 -27.443701 1.839 0.8929344841252317 184.21258059089308 4.246132901514073 16.9238185997 93.6983561819
X6 NS09 7.34 P -67.652603 -26.910101 3.44 0.35806774980922496 184.6153838380484 4.629917797876004 7.05433481951 104.992870047
X6 NS10 9.65 P -67.688004 -27.051001 2.485 0.5014583691142168 186.9070873118297 6.937619637441799 9.66821012011 99.8453566127
X6 NS11 11.78 P -67.702599 -27.112499 2.17 0.5641025326766431 187.4624619313049 7.499614869724553 10.8220047848 98.3339244988
X6 NS08 5.18 P -67.648399 -26.7841 4.19 0.2322640535569772 186.20176796839579 6.214383261774202 4.8356942561 113.750934476
X6 NS13 17.49 P -67.773598 -27.336 2.022 0.794641723875208 189.86840532833656 9.9378743378399 15.095327258 94.7230692649
X6 BB24 25.56 P -68.097702 -27.832701 3.117 1.3481231623103866 198.251402761286 18.469588229639896 25.4081132458 90.7888310987
X6 EW11 3.7 P -67.676201 -26.666201 3.755 0.12356528548357167 203.8497516830839 23.874793922264416 3.1031790973 130.58466103
X6 BB02 12.97 P -68.089996 -27.111 3.81 0.697719429173582 216.8154539776662 37.02747126451982 13.2954315636 96.0008902973
X6 EW12 4.68 P -67.773598 -26.685101 3.735 0.1902177774360405 226.063331207538 46.132021251546945 4.13139265161 118.630434767
X6 EW16 12.44 P -68.277 -26.851 4.705 0.6579281880289669 242.93986752431636 63.23496397270168 12.5575254587 96.5943094439
X6 EW14 8.22 P -68.002602 -26.709 4.552 0.3755900591064706 245.40648561472264 65.57785457896128 7.37064833755 104.177808748
X6 EW13 5.92 P -67.877296 -26.6523 3.882 0.2502543237413684 246.61382483886374 66.72891193830714 5.14484000332 112.062290025
X6 EW18 18.63 P -68.552002 -26.906 4.475 0.9038420247899177 246.8156499234176 67.23472422317741 17.126855663 93.5956191344
X6 EW15 10.94 P -68.162903 -26.7444 4.71 0.52130045458865 248.36139938213648 68.6047733198042 10.0331729068 99.3360143754
X6 EW19 20.1 P -68.666 -26.881001 4.575 0.989910998042991 250.4273197981779 70.89746739164426 18.7297246117 92.8625554934
X6 BB09 10.44 P -68.098801 -26.525101 3.787 0.42900896647773606 273.6482233512877 93.86202657893101 8.34120324845 102.061356779
2B BB05 16.05 P -68.243278 -26.009306 4.339 0.7796379153067335 314.0979407493146 134.37379042672285 14.816459433 94.9009077857
2B BB06 23.53 P -68.372254 -25.545861 3.833 1.2128917054207244 325.9862517556834 146.31649091043562 22.8860771874 91.395692466
X6 BB08 12.12 P -67.917999 -26.016001 3.347 0.5998575058044208 333.51180378528625 153.643639125329 11.4825647499 97.6142739389
X6 BB10 4.51 P -67.690697 -26.379 3.336 0.18524920694114852 340.09371457521314 160.12509188542393 4.05031152916 119.314090183
2B NS26 22.49 P -67.206639 -25.41475 4.035 1.197631245589152 18.17902968273603 197.99779056136217 22.6015163523 91.4810380447
2B NS20 12.05 P -67.370778 -25.931753 3.59 0.6605134590195753 19.86041106437649 199.75008147112112 12.6055143058 96.5633311419
2B NS25 20.85 P -67.210333 -25.517667 4.214 1.0990929217595735 19.671710401801946 199.49176040579988 20.7643874901 92.0816437479
2B NS24 19.13 P -67.234444 -25.582833 4.317 1.0304040902167853 19.74087674586164 199.5713139565787 19.4842001498 92.5588838962
2B NS01 9.32 P -67.426306 -26.098111 3.347 0.4871691076098741 20.952585131340864 200.86655692022333 9.40565448908 100.226232424
2B NS22 15.94 P -67.265917 -25.756694 4.379 0.8576690957189289 21.84793489660246 201.69172216309707 16.2675021156 94.037655729
2B NS21 14.38 P -67.294083 -25.839222 4.095 0.7716443357585969 22.363970483145426 202.21996355343651 14.6679170487 94.9981150444
2B NS02 8.05 P -67.414333 -26.200694 3.341 0.39787598593117013 27.675432944506085 207.58393005187173 7.77451740676 103.232417761
2B BB20 25.37 P -66.786583 -25.438806 4.284 1.3428979802274277 34.10194654015859 213.73650236831293 25.3106571857 90.8092511514
2B GALAN 18.26 P -66.948139 -25.844667 4.63 0.9304501579131261 40.55325750667803 220.25650084722164 17.6222480308 93.3550158817
2B NS03 6.68 P -67.386861 -26.315444 3.135 0.31657252079415693 41.37277935619542 221.26886215531803 6.31063188674 107.22994159
2B BB21 35.41 P -65.941444 -25.535861 2.507 1.8193430240910964 56.37264738912214 235.6354447352172 34.1519007097 79.7924192466
2B NS04 6.19 P -67.337139 -26.420028 3.076 0.28629074021486045 62.34285781065064 242.2165744805431 5.77407302666 109.20743621
X6 BB19 11.13 P -67.061501 -26.306299 4.419 0.5579827943820495 63.86206654524952 243.61334641178127 10.7090813682 98.4673019895
X6 NS05 4.68 P -67.403397 -26.512501 3.037 0.19827286665322968 78.20388515038675 258.10699570527856 4.26393323075 117.575769837
2B BB18 22.05 P -66.362944 -26.542889 2.984 1.1248158351731594 89.75589046493718 269.19390314757067 21.2438988282 91.9153407669
2B BB16 30.81 P -65.865694 -26.629639 2.224 1.570847396825759 93.1817299805433 272.39627851052506 29.5624239115 90.1313837345
X6 EW10 6.85 P -67.262001 -26.591999 3.505 0.32278455202790274 96.98416871533229 276.82389346992886 6.42141760783 106.864182651
2B EW06 26.44 P -66.127972 -26.849167 2.244 1.3656299122659898 102.85137394325092 282.1807862077899 25.7346384403 90.7217364614
2B EW08 32.6 P -65.788833 -26.936083 2.491 1.6797322099632925 103.58692528005973 282.76268085511765 31.5889754853 79.7937362102
2B EW02 14.32 P -66.837028 -26.750694 3.213 0.7273644761656554 105.93029880401781 285.57894551598474 13.8454881065 95.5689249275
2B EW01 11.92 P -67.010778 -26.740556 3.72 0.5760928252276848 109.11549624501413 288.8421325831967 11.043367114 98.080638509
X6 EW09 8.59 P -67.184097 -26.684099 3.898 0.41134557672017696 108.65331252595736 288.4578744343788 8.01942138306 102.711388018
X6 NS06 4.3 P -67.440002 -26.616301 3.111 0.17313758875096358 111.41512831301779 291.33444467317327 3.85504813441 121.09641666
X6 BB15 27.17 P -66.369797 -27.3405 2.856 1.36470225526637 125.51465387947809 304.9479436208235 25.7173362454 90.72523954
X6 BB13 27.3 P -66.598 -27.6413 0.937 1.4185070244883964 140.32283126749866 319.85714426492746 26.7208923232 90.5324559361
X6 BB12 21.81 P -67.124496 -27.5131 2.152 1.0566163121378183 155.40629589296447 335.1809446520125 19.9726808876 92.371402603
X6 NS07 3.74 P -67.550499 -26.6677 3.517 0.13040117501483955 151.42662241524198 331.39536056615304 3.2011451836 129.022254807
