2008 1 4 6 2 46.81 -25.8564 -67.2932 7.40 0.16 1.16 0.22
2008 1 8 10 53 1.14 -25.8356 -67.3398 6.15 0.20 1.73 0.09
2008 1 23 5 0 41.86 -25.8466 -67.2969 7.16 0.13 0.87 0.13
2008 3 4 12 6 14.19 -25.8317 -67.2859 12.27 0.52 2.21 0.34
2008 3 4 12 24 48.58 -25.8313 -67.2949 12.94 0.71 4.19 0.49
2008 3 4 12 48 10.37 -25.8618 -67.3052 10.16 0.17 0.95 0.09
2008 3 4 13 3 12.38 -25.8377 -67.2865 11.91 0.52 3.43 0.48
2008 4 24 1 12 45.73 -25.8476 -67.2957 6.96 0.18 0.77 0.24
2008 4 24 1 48 33.61 -25.8358 -67.3093 5.29 0.50 1.52 0.08
2008 5 2 10 38 44.09 -25.8407 -67.3318 6.27 0.20 0.97 0.07
2008 5 2 12 11 5.45 -25.8388 -67.3348 6.46 0.21 0.92 0.14
2008 5 15 0 52 47.10 -25.8401 -67.3307 6.37 0.22 1.37 0.13
2008 6 14 22 55 59.14 -25.8514 -67.286 6.48 0.14 1.11 0.17
2008 6 15 2 46 18.61 -25.8343 -67.3167 5.29 0.65 2.1 0.11
2008 6 15 3 13 51.17 -25.8348 -67.3089 5.05 0.50 1.62 0.13
2008 6 15 6 27 11.01 -25.8304 -67.3312 5.38 0.47 1.27 0.08
2008 6 15 6 51 28.67 -25.8403 -67.3199 6.59 0.21 1.3 0.12
2008 6 15 8 16 7.38 -25.833 -67.3112 5.07 0.51 1.77 0.12
2008 6 15 11 10 9.82 -25.832 -67.3409 5.83 0.36 1.19 0.14
2008 6 15 14 51 22.01 -25.8416 -67.3168 5.98 0.25 1.45 0.06
2008 6 15 19 23 42.19 -25.8417 -67.3148 5.61 0.27 1.33 0.13
2008 6 16 5 58 52.89 -25.8444 -67.3035 6.41 0.21 0.92 0.18
2008 6 18 20 39 48.46 -25.8431 -67.2985 6.22 0.41 1.34 0.08
2008 6 21 2 23 38.77 -25.8343 -67.3103 4.95 0.53 2.2 0.16
2008 6 21 2 44 10.25 -25.8519 -67.2852 5.00 0.24 1.27 0.08
2008 6 21 6 3 32.77 -25.8481 -67.2893 5.93 0.23 1.2 0.12
2008 6 24 1 36 56.38 -25.8445 -67.3054 5.93 0.25 0.87 0.18
2008 7 11 9 3 40.32 -25.8509 -67.2962 6.61 0.18 0.97 0.18
2008 8 3 8 0 51.93 -25.8414 -67.3173 6.53 0.21 1.04 0.07
2008 12 9 16 28 32.29 -25.847 -67.3033 5.79 0.17 0.94 0.11
2008 12 14 10 6 0.71 -25.8402 -67.3121 5.86 0.22 0.67 0.03
2008 12 15 0 36 37.97 -25.8353 -67.3131 5.30 0.60 1.47 0.11
2009 1 4 17 27 42.40 -25.8505 -67.2711 3.49 0.48 1.25 0.08
2009 2 18 1 48 39.22 -25.8342 -67.3171 6.81 0.51 1.3 0.15
2009 5 31 3 56 56.07 -25.8522 -67.2833 3.64 0.24 1.35 0.05
2009 6 1 16 20 20.28 -25.8593 -67.2674 2.10 0.22 1.07 0.05
