2008 1 4 6 2 46.86 -25.84692 -67.288639 7.203 0.043 1.16 0.22
2008 1 8 10 53 1.23 -25.833606 -67.328967 5.636 0.039 1.73 0.09
2008 1 23 5 0 42.0 -25.842778 -67.301298 6.3 0.036 0.87 0.13
2008 3 4 12 6 14.2 -25.839705 -67.287419 12.235 0.056 2.21 0.34
2008 3 4 12 24 48.54 -25.838711 -67.288529 13.102 0.049 4.19 0.49
2008 3 4 13 3 12.41 -25.846358 -67.289034 11.969 0.044 3.43 0.48
2008 4 24 1 48 33.52 -25.838066 -67.31381 5.928 0.04 1.52 0.08
2008 5 2 10 38 44.15 -25.837341 -67.317171 6.05 0.029 0.97 0.07
2008 5 2 12 11 5.52 -25.836039 -67.318783 6.157 0.031 0.92 0.14
2008 5 15 0 52 47.15 -25.837427 -67.314978 6.178 0.028 1.37 0.13
2008 6 14 22 55 59.24 -25.844812 -67.291223 6.16 0.038 1.11 0.17
2008 6 15 2 46 18.59 -25.837077 -67.316187 6.008 0.039 2.1 0.11
2008 6 15 3 13 51.07 -25.837331 -67.315348 5.772 0.039 1.62 0.13
2008 6 15 6 27 10.98 -25.834633 -67.324609 5.716 0.036 1.27 0.08
2008 6 15 6 51 28.76 -25.837484 -67.309945 6.301 0.039 1.3 0.12
2008 6 15 8 16 7.28 -25.837138 -67.315145 5.743 0.037 1.77 0.12
2008 6 15 11 10 9.88 -25.834204 -67.324772 5.99 0.037 1.19 0.14
2008 6 15 14 51 22.03 -25.837992 -67.313627 5.942 0.033 1.45 0.06
2008 6 15 19 23 42.18 -25.837701 -67.315002 5.837 0.037 1.33 0.13
2008 6 16 5 58 52.96 -25.84019 -67.309302 5.907 0.038 0.92 0.18
2008 6 18 20 39 48.5 -25.840871 -67.307227 5.86 0.033 1.34 0.08
2008 6 21 2 23 38.72 -25.838153 -67.316349 6.017 0.044 2.2 0.16
2008 6 21 2 44 10.28 -25.845569 -67.291231 5.359 0.046 1.27 0.08
2008 6 24 1 36 56.39 -25.840192 -67.310181 5.765 0.036 0.87 0.18
2008 7 11 9 3 40.41 -25.844287 -67.297949 6.248 0.04 0.97 0.18
2008 8 3 8 0 52.0 -25.836656 -67.321265 5.827 0.032 1.04 0.07
2008 12 14 10 6 0.7 -25.834336 -67.32323 5.455 0.037 0.67 0.03
2008 12 15 0 36 37.91 -25.837897 -67.316357 5.961 0.04 1.47 0.11
2009 1 4 17 27 42.4 -25.848081 -67.281104 3.532 0.042 1.25 0.08
2009 2 18 1 48 39.27 -25.836466 -67.318701 5.994 0.039 1.3 0.15
2009 5 31 3 56 56.1 -25.847186 -67.275936 3.312 0.044 1.35 0.05
2009 6 1 16 20 20.31 -25.852309 -67.258956 1.997 0.054 1.07 0.05
